ATGGAAGTTGTTGGGAACGCTGG,0.3739832043647766,[[9.9999976e-01 1.8110303e-07]]
CCAAGAGACAAATTAGGACCAGG,0.0690123662352562,[[8.145753e-21 1.000000e+00]]
CTGCGAATCGGGGTTGGGGCTGG,-0.47737231850624084,[[6.804967e-36 1.000000e+00]]
CATGACTTGCTTAGCCGCCCAGG,0.020742911845445633,[[3.3139946e-23 1.0000000e+00]]
CTTTTGAATTCGGGTGGCGCGGG,-2.0444648265838623,[[1.4912947e-19 1.0000000e+00]]
ATGTGGGGGCTTCGGGAAAATGG,-2.2577199935913086,[[4.082551e-17 1.000000e+00]]
CAGTCCAGCTCTAGCCCCCATGG,0.3574380576610565,[[2.1178094e-21 1.0000000e+00]]
CAGCACCCTGAGATAACGAAAGG,0.559346616268158,[[3.7457857e-18 1.0000000e+00]]
CATGTGGAAAAGTTGGCCGAAGG,-0.060038723051548004,[[1.00868495e-16 1.00000000e+00]]
GGTGTGAATGCCGAACAAAAGGG,-1.6230775117874146,[[1.9196187e-22 1.0000000e+00]]
CGTCCAAAGGTAGTGGACCCTGG,0.4333385229110718,[[3.9897915e-31 1.0000000e+00]]
TCATAGAAGGTTACCAGCCCTGG,0.37482553720474243,[[3.757957e-30 1.000000e+00]]
GCAAAGCAATGCTTGGGGCGGGG,-0.6051390767097473,[[4.578138e-25 1.000000e+00]]
ATTTTCCAAGCCTTCCGCAAAGG,-2.775472402572632,[[9.5836925e-23 1.0000000e+00]]
ACACTTGGTCCTTGGAAAAGAGG,-0.9047264456748962,[[1.7370202e-20 1.0000000e+00]]
TCACTTACCCCTCCCACAAAGGG,-1.5488243103027344,[[1.1432878e-21 1.0000000e+00]]
GAGAAAACCCCTTCCCACAAAGG,-0.600455105304718,[[1.026569e-30 1.000000e+00]]
ATAGATTGGGGGGGCAGGACAGG,-1.4488271474838257,[[1.5524602e-10 1.0000000e+00]]
GAAGGGAGGTGTAACGGCGCTGG,0.33377617597579956,[[3.2539912e-22 1.0000000e+00]]
TGCCTTCACCAATCCCACGAAGG,0.7184208631515503,[[9.822829e-24 1.000000e+00]]
ATGTTTTCCTCAGATGCGACTGG,-1.9840930700302124,[[9.317183e-24 1.000000e+00]]
GGCCGCATGGTACCTAGCCGTGG,0.4231400489807129,[[5.139173e-34 1.000000e+00]]
CGAGGAAAGGTTCCCGAACCCGG,0.4393104910850525,[[0.27126575 0.7287342 ]]
CATTTGAAGTCCTGAAAAGGAGG,-0.1301996111869812,[[1.4647251e-16 1.0000000e+00]]
CCATTGCCTAGCCTCCGAACCGG,-0.16617022454738617,[[9.9999714e-01 2.8218035e-06]]
GCTGGAGTGACCCTTCCAGAGGG,0.6448042988777161,[[7.9765204e-33 1.0000000e+00]]
CAGAAAATTCAAATTGGGCCTGG,-1.6886088848114014,[[1.1603248e-24 1.0000000e+00]]
CACTTTTCATCCCCTACGCAGGG,0.08535856753587723,[[1.6189569e-28 1.0000000e+00]]
CAACACCTGATAACCCGGCCTGG,-1.1536835432052612,[[4.9938303e-24 1.0000000e+00]]
TCCTTCCGTGCAAAAGCAAGTGG,-0.8886629939079285,[[1.7111407e-20 1.0000000e+00]]
CGCCAATACTTCCAACCCCCAGG,0.14635910093784332,[[3.2600866e-10 1.0000000e+00]]
CGCCGTGAAGGATTCAACAGGGG,0.8775686621665955,[[1.703086e-19 1.000000e+00]]
CAACCAGGGGGGTTGAAGAAAGG,-1.6359161138534546,[[1.9020262e-26 1.0000000e+00]]
ACAGCATCCAGAATAGAGAAAGG,0.5172331929206848,[[2.5484877e-17 1.0000000e+00]]
CAGAACGGGTGGATTAGGACGGG,0.4591173827648163,[[4.3014037e-17 1.0000000e+00]]
ATTGCTCAGACATTGGAGCCAGG,-2.052497386932373,[[1.7765675e-32 1.0000000e+00]]
CAGGAAGTGGGACCCAAGCCTGG,-1.882993221282959,[[2.5195055e-34 1.0000000e+00]]
TTGGCCAGGTTACCAACGAAAGG,0.64778071641922,[[8.0277625e-13 1.0000000e+00]]
CGAAAAGGGCCCTTAAAGCAGGG,0.5230190753936768,[[7.61419e-16 1.00000e+00]]
TGCAACTTCCCCCTACACCAAGG,0.6954736113548279,[[6.3360888e-12 1.0000000e+00]]
GATGAAGGTTACTTCCGGGCCGG,0.06425599008798599,[[7.351996e-12 1.000000e+00]]
CTGTTCCAGATTAAGGAGCCCGG,-0.6759343147277832,[[1.05927e-13 1.00000e+00]]
TGGCCGGACCTTACCCAGGAAGG,0.7414311766624451,[[0. 1.]]
GCCAAGAACCGAATGGGAAAGGG,0.18294133245944977,[[2.6582283e-25 1.0000000e+00]]
GGTGTTTCGTCCATTGGAGAAGG,-0.18535403907299042,[[7.856589e-21 1.000000e+00]]
ACACCATAGGCCTGACAAGGTGG,0.5088992714881897,[[2.837112e-28 1.000000e+00]]
CCTTTTCCATGGAGTGCCCCAGG,0.0017640921287238598,[[2.0495419e-09 1.0000000e+00]]
CCAGCCCCTAAACTTCCCCCTGG,0.7730865478515625,[[4.3476537e-35 1.0000000e+00]]
ACGGGGGGGTGGGTAGCCCATGG,-0.013359064236283302,[[3.1827262e-06 9.9999678e-01]]
GCCAGTAACTCCATGGCGAGGGG,0.6919443607330322,[[1.0885499e-30 1.0000000e+00]]
CCTTTGCTCTCGAACCGCCCTGG,0.6507012844085693,[[4.3599095e-13 1.0000000e+00]]
GGCGGATTGGATTCACAGGACGG,0.8722665309906006,[[4.9274276e-17 1.0000000e+00]]
CAACTCGGGTAAGGAAGAAGAGG,0.19281227886676788,[[1.0000000e+00 5.3548323e-19]]
CGGCAGGTGATCAGGAGAAGCGG,0.7647672891616821,[[1.3548098e-08 1.0000000e+00]]
ACAATTCCGCTTCAAACGGCTGG,-1.5341483354568481,[[1.0000000e+00 3.0660047e-10]]
CAACAGTGTTTAAAGACGAGAGG,-0.008200913667678833,[[9.885877e-30 1.000000e+00]]
CGCCACCTGCCACCCTCAACTGG,-2.0675442218780518,[[1.9765436e-32 1.0000000e+00]]
CACGATTGCGGATTCGGGGATGG,0.14613007009029388,[[2.41929e-08 1.00000e+00]]
GGCAATGCTGGTACACCAGGTGG,0.8205621242523193,[[0.0539321  0.94606787]]
CTGAGAATCAAAATGAAGAATGG,-0.45759233832359314,[[4.0384227e-24 1.0000000e+00]]
TGCGGGGACTTTTGGGGCGGAGG,-0.9988765120506287,[[2.5348149e-11 1.0000000e+00]]
ACGACAACCAACCCGCGACCTGG,0.24718497693538666,[[1.5264164e-25 1.0000000e+00]]
TCACAGATTGGTGAGGGCGCCGG,-0.3386469781398773,[[5.491396e-22 1.000000e+00]]
CACGTTTCCGGGTACAACCCTGG,0.2818799614906311,[[9.715044e-12 1.000000e+00]]
ATCCTCTTCCCTAGGGAAGGCGG,0.4257722496986389,[[3.341722e-29 1.000000e+00]]
CAGGAGTGGGGGATCGGAGCTGG,-0.8469806909561157,[[1.7110147e-11 1.0000000e+00]]
TTGTTTTGAAATTAGGGGCCTGG,-2.2770333290100098,[[1.0000000e+00 6.5638617e-10]]
AGTTGGTTTGGAACTTAAGGCGG,0.7077886462211609,[[1.4939678e-23 1.0000000e+00]]
CCCCAATCCTCCGTCCAACCGGG,-0.054152026772499084,[[1.4876265e-31 1.0000000e+00]]
CATAGAATTGGGGGGCCCCACGG,-0.6259757876396179,[[1.933465e-14 1.000000e+00]]
CTTGTTGTGGAGTAACAGAGCGG,0.8616136908531189,[[3.3079413e-25 1.0000000e+00]]
ACTACAACAATTCCGGCCCACGG,0.5400242209434509,[[1.8975446e-14 1.0000000e+00]]
GGAGGGGAAAATGAAGAAAATGG,-1.5123203992843628,[[5.1389874e-15 1.0000000e+00]]
ATCCTCGTGGGATAAGGCGGTGG,0.6105939149856567,[[2.1103832e-04 9.9978894e-01]]
AACTAAGCCCTGCTTCCCGATGG,0.2723259925842285,[[4.1624885e-15 1.0000000e+00]]
CACCATGGTAACTAGAACGCTGG,-0.0548764206469059,[[7.223664e-25 1.000000e+00]]
ACTTTTCCTCCCCTACCCGACGG,-0.437273770570755,[[3.6150912e-32 1.0000000e+00]]
TCAGTGGGTTCCGGAGAAGCCGG,0.0055109052918851376,[[2.9647545e-18 1.0000000e+00]]
CAAATTGAAAGCTCGGCCAAAGG,-1.5246912240982056,[[4.465091e-20 1.000000e+00]]
ACCAGCTACAAGTCACCCCCTGG,0.7277819514274597,[[2.8230192e-16 1.0000000e+00]]
ATTTTTCTTTTGGGGGGGGCTGG,-3.862424612045288,[[1.4603936e-05 9.9998534e-01]]
TAGTGATGTTGAACGAAGCAAGG,0.7211548089981079,[[2.5900032e-17 1.0000000e+00]]
GGCCAGAAATCAAGAAAGAATGG,-1.0326290130615234,[[3.5523147e-18 1.0000000e+00]]
CATCTGGCCTCCTAGGAACACGG,-0.21622519195079803,[[9.278543e-12 1.000000e+00]]
CTGAAAGCCGGTGGACCGCCAGG,-0.5221424102783203,[[1.6251354e-24 1.0000000e+00]]
GGACAAATTCCGTGCCCCGGTGG,0.4769711196422577,[[3.5325665e-21 1.0000000e+00]]
ACAGCACCTTCGAAGAGCCCTGG,0.6447229981422424,[[2.335838e-09 1.000000e+00]]
CGGTTCCTTATTCAAGAACCTGG,-0.5796265602111816,[[1.8939963e-07 9.9999976e-01]]
CACAGTGTCGTTCCCAGACCCGG,0.2742369771003723,[[3.013465e-18 1.000000e+00]]
ATATATATTCTGGGGGGGGGTGG,-1.3961504697799683,[[2.5576678e-20 1.0000000e+00]]
ATTTCCAACAGAAGTTGCACTGG,-2.3383584022521973,[[4.928429e-15 1.000000e+00]]
GCCATTTCCTGGTGATAACCTGG,-1.3506637811660767,[[3.9005673e-07 9.9999964e-01]]
ACTACGCCGGGTTACCAGCCTGG,-1.6867340803146362,[[1.0891132e-18 1.0000000e+00]]
GTGGAACAACCGGTAAAGAGGGG,0.9650711417198181,[[8.590563e-32 1.000000e+00]]
ACGAAGATTCGGTTGCGCCCCGG,0.37451499700546265,[[1.4586834e-20 1.0000000e+00]]
ACTTTTCCAAGGTGGGGGCAAGG,-2.0851221084594727,[[2.6621197e-14 1.0000000e+00]]
TTTGGTCCACTCCTGACGCAAGG,-1.7660071849822998,[[9.445708e-21 1.000000e+00]]
GCACGTACTTGTTGAGGCCAAGG,-1.0236729383468628,[[1.0000000e+00 1.8878547e-22]]
CCCCGTTTGGGGTTAACGCCCGG,-0.579352080821991,[[2.3701106e-25 1.0000000e+00]]
ATCTTTTTTGCCCCATGGGGCGG,-0.9951706528663635,[[1.1771966e-22 1.0000000e+00]]
GAGGGGAATGAACAGGGAGGAGG,0.5282281637191772,[[1.0355322e-12 1.0000000e+00]]
ACGGGAAATTAGGGTGCCGGCGG,0.5058348178863525,[[0.9985807  0.00141937]]
ACGGGTGGTGCTGGTGAAAATGG,-1.79586660861969,[[1.8556278e-19 1.0000000e+00]]
CCGTCCTCCCAATTCAGAGCCGG,0.020115571096539497,[[1.049576e-10 1.000000e+00]]
GGACAATAGACCTGCCCCAGAGG,0.004920765291899443,[[8.261703e-20 1.000000e+00]]
TCATGAAGATTCCGAGGCCCCGG,0.3731610178947449,[[5.6346196e-26 1.0000000e+00]]
AGTGGGAATGCTTAACAGCAAGG,0.660579264163971,[[1.7474234e-04 9.9982530e-01]]
CACAATTGGTCAGGGTCACGGGG,-0.15980541706085205,[[4.1247707e-24 1.0000000e+00]]
CAAGCCCCAGTGGTGGACACCGG,-0.43940794467926025,[[1.6464641e-16 1.0000000e+00]]
TCCAGATGGGTGACCCACGCCGG,0.4189128577709198,[[6.6068454e-32 1.0000000e+00]]
GGTGCTCCGGCTTATTGGAGAGG,0.47958099842071533,[[1.8324194e-14 1.0000000e+00]]
CCGCAGGGTTCGGGTGAAGCTGG,-1.4821852445602417,[[8.452841e-22 1.000000e+00]]
AACTGACCCTCCATAAGCAAAGG,0.0024085682816803455,[[8.436029e-29 1.000000e+00]]
CAACAGGAATCTCCGAACCGTGG,0.712898313999176,[[0.9986891  0.00131084]]
GGCCAAGGTTAAAGTCCAAAAGG,-1.7494280338287354,[[6.467254e-17 1.000000e+00]]
ACTCCCAATAACCCCCCCAGCGG,0.3325449228286743,[[1.2368016e-29 1.0000000e+00]]
ACGGGGCGGCCGTGGAGGCGCGG,0.24316217005252838,[[4.815026e-18 1.000000e+00]]
ACACCCCCTACCTTAACGAAAGG,0.09428832679986954,[[5.030238e-22 1.000000e+00]]
GAAAAGAGGACCGGAAAACCGGG,0.3437058925628662,[[6.2065507e-19 1.0000000e+00]]
CATATTTTCTTAGTTCCCCGTGG,0.12199083715677261,[[0.00446046 0.9955395 ]]
CACAGTCTAAAAGTCCACGGTGG,0.7824864387512207,[[4.1802257e-25 1.0000000e+00]]
GGATGAAGTACCCAAGAGCCGGG,-0.14810453355312347,[[1.4205772e-29 1.0000000e+00]]
GGTGAAATTGACTTGCGCCAAGG,-0.14641262590885162,[[6.371466e-30 1.000000e+00]]
GAAATAGCCTTCGACAGGCAAGG,0.47757747769355774,[[4.8773455e-25 1.0000000e+00]]
CACGGCCTTCACCTTGAAAAAGG,-1.7848718166351318,[[4.3213655e-19 1.0000000e+00]]
GCGGTGGAAAGTAGAGGAGGTGG,0.7636852264404297,[[5.8679085e-04 9.9941325e-01]]
TGTCTTTCTTCATGGCGCGGCGG,-0.973351776599884,[[7.940133e-15 1.000000e+00]]
CCCCGAGAATTCTTCCAAAGTGG,-0.5762810111045837,[[1.2816821e-14 1.0000000e+00]]
ACACGTGGAAGAAGCAACGGGGG,0.9159148335456848,[[2.38e-43 1.00e+00]]
ATTTTGCAAAAAAGTCCACGTGG,-2.6807291507720947,[[1.000000e+00 8.926309e-30]]
CACGGTGGGATCTGGAGGCCTGG,-1.5760728120803833,[[3.3832765e-24 1.0000000e+00]]
ACACGCTAGGACCAAAAGCGTGG,0.7824119925498962,[[1.325433e-28 1.000000e+00]]
AGTTGTTGAACAATTAGCGGAGG,0.555841863155365,[[1.0774194e-17 1.0000000e+00]]
GGCAGACCTCCAATAGGCCGAGG,0.5594562292098999,[[1.8912251e-25 1.0000000e+00]]
CAAGAAAACCCAATAGGGGGGGG,-0.4287457764148712,[[4.2967133e-17 1.0000000e+00]]
CTGATGAAGGCCTAAGAAGATGG,0.22212372720241547,[[1.8893965e-22 1.0000000e+00]]
CAGAGCGGGGCAGGTGACGGCGG,0.6086716651916504,[[1.5587643e-15 1.0000000e+00]]
GCAAGACGCCATAAACCGAAAGG,-1.4458529949188232,[[6.409037e-13 1.000000e+00]]
ACAAGTGGTGAAGAAGAAGAAGG,0.371635377407074,[[6.8135065e-23 1.0000000e+00]]
GCCAGTTGCGCATACAAACGTGG,0.6759655475616455,[[0.02955281 0.97044724]]
ACGAAGTTCCTTCCCCGAACCGG,-1.4333362579345703,[[8.032002e-25 1.000000e+00]]
GGGGGTTCAAGTGGAGGAAAAGG,0.25070756673812866,[[1.2934331e-10 1.0000000e+00]]
CCACATGCCCCACAATGACAGGG,-1.262628436088562,[[1.7867758e-17 1.0000000e+00]]
ACAGGAGGAAGTGGCCGACAAGG,0.3962893486022949,[[9.071567e-11 1.000000e+00]]
CCCACGTCCGGCCCTTGGGAAGG,0.31759315729141235,[[1.2903047e-16 1.0000000e+00]]
CGCAACAATGAATGGCGCCCCGG,0.25617772340774536,[[4.6076557e-27 1.0000000e+00]]
TGGTGTGGGTAGGTGGCCGGTGG,0.6392994523048401,[[1.788478e-20 1.000000e+00]]
ATTTTTCATGCGTGGGGGCGCGG,-3.302889108657837,[[9.9999976e-01 2.1508487e-07]]
GGGGGGTAAGGCCTTACAAGTGG,0.4706942141056061,[[1.7856548e-36 1.0000000e+00]]
ATTGTCCGGTTAGGAGCCAGTGG,-0.39146730303764343,[[3.5638092e-19 1.0000000e+00]]
CAGCCCTTCCAGTTGGGGAGAGG,0.5143954157829285,[[0.01714608 0.9828539 ]]
CACGTCCGGTAAAAGGCACAGGG,0.4818364083766937,[[2.1993342e-15 1.0000000e+00]]
ACAGCTCAACTCCGCGACCATGG,0.7041080594062805,[[8.59358e-39 1.00000e+00]]
ATGCTTAACTGCCGGTGGGCTGG,-0.6458345055580139,[[2.4916738e-18 1.0000000e+00]]
CCTTGGCCTTCCGTGCGGCCCGG,-0.1551848202943802,[[4.669233e-11 1.000000e+00]]
ATGTGTGGATACCCTTGGGGCGG,0.5258119702339172,[[1.0000000e+00 1.0237856e-28]]
TGGCCCCATACGGTTCAAAAAGG,-1.8147149085998535,[[5.5821925e-30 1.0000000e+00]]
CGCACCTTGGATTTCAAACCTGG,0.05782010406255722,[[9.413375e-20 1.000000e+00]]
CACAAGGGTTAAAGTGGAACTGG,-1.3746644258499146,[[1.000000e+00 8.679121e-09]]
GGTCCCATTTTGAGGGAAGCAGG,-1.7530454397201538,[[3.7700918e-14 1.0000000e+00]]
CCCGACCTCCCACCCCGGAGGGG,0.7085652947425842,[[1.09955854e-13 1.00000000e+00]]
TCAGCATTCCCCCACCCGGACGG,0.7105743885040283,[[7.965096e-31 1.000000e+00]]
ACTCTTAATCTTCGTTGGGGAGG,-1.2206557989120483,[[5.7290626e-23 1.0000000e+00]]
CCATCCGCCGATTCAAACCGTGG,0.8117191791534424,[[9.9998927e-01 1.0751224e-05]]
CATTGTGGGCCTGGTGGGGGTGG,-1.0576447248458862,[[2.2805054e-17 1.0000000e+00]]
GCGAACTTGACCTTCCCAGATGG,-0.2094215303659439,[[3.823206e-11 1.000000e+00]]
ATGTTTCTTCCCTTGGGCCATGG,-1.5564597845077515,[[4.9034776e-19 1.0000000e+00]]
ACCGTCTCAAGTTCCCGACCCGG,0.5980886816978455,[[1.4493182e-16 1.0000000e+00]]
AAATGGGGGGGTGCGAAGACCGG,-2.0111687183380127,[[1.8008667e-08 1.0000000e+00]]
GGCTTTGGGGTTAAAGAAAAGGG,-1.5153710842132568,[[7.0449765e-18 1.0000000e+00]]
CCTGTTAGCCGTTGGGCAGCAGG,-1.968435287475586,[[4.9362183e-15 1.0000000e+00]]
TGTGACAATGCTTCCCAAGGAGG,0.41735202074050903,[[2.7469556e-17 1.0000000e+00]]
CTGGAGCCTGCCATGAGCACGGG,0.75287926197052,[[1.7386041e-13 1.0000000e+00]]
AGCGGTCCAAAAGTTCCCCCCGG,0.7285014986991882,[[7.4208314e-31 1.0000000e+00]]
TGAGAAGTCCTTGAGGGCGCAGG,0.27385395765304565,[[1.8651821e-17 1.0000000e+00]]
GCCATAAGAGGGTGTCAGCCAGG,-2.353184461593628,[[9.108031e-29 1.000000e+00]]
CCGGACCCGCTGCGAAGACATGG,0.5979337096214294,[[1.000000e+00 1.345482e-16]]
CCTGGACCAACTTCCTCACAAGG,-0.6605989336967468,[[1.2272141e-05 9.9998772e-01]]
TGGTTTCTGGACGTTGGAACAGG,0.41840580105781555,[[2.8643726e-22 1.0000000e+00]]
CATGAAGAAGCAATGAAAGGAGG,0.6995407938957214,[[6.31891e-17 1.00000e+00]]
GCCGAACTGGTCCTAGGCCAAGG,0.41709408164024353,[[1.4645981e-29 1.0000000e+00]]
ACGGATATCCTGGTGGGCCAAGG,0.47910743951797485,[[5.960046e-26 1.000000e+00]]
ACCGTTTGGTGAGGTGGCAAAGG,0.07932061702013016,[[9.616523e-12 1.000000e+00]]
GGAGTGCCTTCGATACAAAATGG,-1.6583783626556396,[[9.034263e-20 1.000000e+00]]
ACTGTTGTGCCGTTAAGGAACGG,0.3642958402633667,[[1.02640436e-23 1.00000000e+00]]
ACAAAACTCATTAGAGCGGCTGG,-1.7609504461288452,[[4.243037e-09 1.000000e+00]]
TCCGGATGGGGTGACAAAAAGGG,-1.7009841203689575,[[5.498278e-27 1.000000e+00]]
GGACAGGAAAAATGCTGCCGAGG,0.748420000076294,[[3.5709129e-19 1.0000000e+00]]
CAAGAGAAAGCCTTCCCAAAGGG,-0.9311251044273376,[[4.724182e-11 1.000000e+00]]
ACCAATGTGCGAGCAAAGGAAGG,0.6296800971031189,[[1.0000000e+00 4.2391464e-09]]
CCAATCAATAACCCCACAAGAGG,0.5723372101783752,[[8.552366e-26 1.000000e+00]]
AAAGAACCTGATACCGCGGAGGG,0.6248379349708557,[[6.0011995e-12 1.0000000e+00]]
TGATTCCGAAAATTCGGCAAGGG,0.4454445242881775,[[3.0226933e-14 1.0000000e+00]]
CGGCAAAAAGTTAATGGAGGAGG,0.4581025242805481,[[5.599711e-27 1.000000e+00]]
TCACAGTAGGGTCACAAAAAAGG,-2.3832547664642334,[[1.0000000e+00 6.7345605e-09]]
TCCATTCCAAAAGGCTTGGCAGG,-1.2449957132339478,[[9.9938369e-01 6.1632245e-04]]
CCATTTACTCTTCCAAAGGAGGG,0.09043771773576736,[[9.9998391e-01 1.6081704e-05]]
TCAGTTGAAGGAAAAAAGGAGGG,0.9247666597366333,[[2.8227472e-18 1.0000000e+00]]
GGCACTCTTCTGAGAAACAGAGG,0.6189021468162537,[[1.2110184e-26 1.0000000e+00]]
CCAACTTCCAATGGGGGCCCTGG,-1.6179300546646118,[[1.1847135e-25 1.0000000e+00]]
CCGTTTATTAAGGTGGGAGGGGG,0.3730088472366333,[[1.000000e+00 3.441535e-12]]
CCAAAACCAAATTCCCCCCGTGG,0.4769701659679413,[[1.7907108e-12 1.0000000e+00]]
TCCATGAAAATCCCCAAAAAAGG,-1.8355408906936646,[[2.3404683e-27 1.0000000e+00]]
ATACTGTTAATCAGAAGCCGGGG,0.6652864217758179,[[4.5008505e-27 1.0000000e+00]]
CCAAACTCCAGTTGCAAGAAAGG,-1.6391364336013794,[[1.30515336e-20 1.00000000e+00]]
TGCCCCCCGATTAAGGGGCCTGG,-1.4088243246078491,[[1.8900485e-11 1.0000000e+00]]
CATCTTGTTGAATAGCGGCATGG,-0.1629294604063034,[[3.5477368e-11 1.0000000e+00]]
TTTCTTTGTCTTCCGCGAAATGG,-3.683415651321411,[[1.0761347e-15 1.0000000e+00]]
AGGGACTCCAGTTGGAGCACCGG,0.7115634083747864,[[0.83944726 0.16055281]]
GGTCCACATGAAAGTAGAGCAGG,-0.17160144448280334,[[2.9013153e-12 1.0000000e+00]]
ATTGATGCCCCTGGGGAGCCTGG,-2.841179847717285,[[6.727345e-24 1.000000e+00]]
ACCGTAGGGGGGTAAAAGCCTGG,-1.926139235496521,[[1.6631126e-28 1.0000000e+00]]
CAAGGTCCATAAATGGGGGCTGG,-0.8393730521202087,[[1.193335e-19 1.000000e+00]]
GCTCTCGCCCCATAAGACAAAGG,-0.8243928551673889,[[3.222159e-30 1.000000e+00]]
CACGGTCTTCTTCGAAGCAACGG,-1.0253461599349976,[[2.260461e-19 1.000000e+00]]
ATGTGAAATGAAAAGTGAACAGG,-1.9183359146118164,[[1.0000000e+00 2.1681151e-13]]
CAACAACCCAGTTCCCCGAAGGG,-0.5733445882797241,[[1.4920799e-08 1.0000000e+00]]
CAAAGCGTAAAAAGGCCAAAGGG,-1.772925853729248,[[1.2406216e-11 1.0000000e+00]]
CAAATTGTTCCACCCCGCAAGGG,-0.4931374788284302,[[3.6134952e-07 9.9999964e-01]]
GACGAACCCTCTAGGACCGGTGG,0.6309003233909607,[[5.599205e-32 1.000000e+00]]
CCATGTTGGGGGGGATCGGGAGG,-1.085058569908142,[[9.468093e-17 1.000000e+00]]
ACAAGTAAGTGCCTGAAACGTGG,0.7090659737586975,[[1.9396176e-30 1.0000000e+00]]
CAGTGAAGTTCCTAAGGACGGGG,0.771185040473938,[[1.7613262e-22 1.0000000e+00]]
CTTGATTACCTCTGGGCCAATGG,-1.3916947841644287,[[1.0000000e+00 2.2870847e-08]]
AAAGAAAGGGCCTGATTGGCAGG,-1.5853341817855835,[[1.1226198e-12 1.0000000e+00]]
CCATTCCATCCTTCGACCAATGG,-1.2697640657424927,[[6.0652264e-12 1.0000000e+00]]
TTTCATCTGTGCTTAGGACATGG,-1.2784905433654785,[[7.158452e-12 1.000000e+00]]
AGCTCCCCTTACAGAAGAACAGG,-0.8169506192207336,[[1.4541218e-13 1.0000000e+00]]
CCTTTCTCCTTAGACGAGCCCGG,-1.7382534742355347,[[4.3470684e-22 1.0000000e+00]]
CCCCATCGCCCGGTACCAACTGG,-1.3262263536453247,[[1.64037e-24 1.00000e+00]]
TGGGGGGAAGGCTGAGAAAAAGG,-1.4472893476486206,[[5.900784e-23 1.000000e+00]]
CGTCCCAAATAATAGGCGAGCGG,0.07202842086553574,[[1.000000e+00 7.027723e-09]]
ACTATGTTCCCATGCCACCCTGG,-0.575450599193573,[[3.1568765e-05 9.9996841e-01]]
CACCACGGTGTTGAACAAGCTGG,-1.2672377824783325,[[1.5355392e-04 9.9984646e-01]]
CTGTTTTCCCGATTAAGCAGTGG,-0.24047662317752838,[[3.6269086e-13 1.0000000e+00]]
TGTGGTGTGAGCAAATAGGAAGG,0.7163717150688171,[[4.2455937e-36 1.0000000e+00]]
CACATGTGTAAATCGGCAACTGG,-1.4117406606674194,[[4.256816e-21 1.000000e+00]]
GAGGGTAAGGGGTGCCGCGAGGG,0.5723399519920349,[[2.0093598e-20 1.0000000e+00]]
CCTTTTGCCACCTTGACGGAGGG,-1.5026215314865112,[[3.527524e-17 1.000000e+00]]
GACACATTAGTTGGCCGAACTGG,-1.962585210800171,[[1.4406728e-19 1.0000000e+00]]
GACTGGGTGGAGGCTAGGCCAGG,-1.9980658292770386,[[3.2503838e-28 1.0000000e+00]]
CAGGGGGTGTTGTGGGAACCCGG,-0.7489738464355469,[[8.016589e-14 1.000000e+00]]
TCCTAAGTTGCCAAGCGGCATGG,0.4152868688106537,[[8.307507e-25 1.000000e+00]]
CAAAAGCCAATAAAGAGACCAGG,-1.2755248546600342,[[3.0358786e-14 1.0000000e+00]]
CATGTTTAGCCTTGAGCGCAAGG,-1.6607327461242676,[[9.926861e-26 1.000000e+00]]
ATTGTTATAAGTCCCAAGCCCGG,-1.570042371749878,[[3.328299e-30 1.000000e+00]]
TATTTGAGGGGGTCCAGGACAGG,-1.907584547996521,[[1.5304561e-11 1.0000000e+00]]
CGAAAGGGATTGAATGAGACCGG,-0.1199202761054039,[[2.9837862e-15 1.0000000e+00]]
CACACTAACTTGGGGGAGCAAGG,-1.1614530086517334,[[8.305079e-37 1.000000e+00]]
GGTCTGGTGGATACACACAAAGG,0.743973970413208,[[3.634932e-11 1.000000e+00]]
CATTGAGAGTTTAAAGCGCCAGG,-0.27254605293273926,[[3.1552564e-32 1.0000000e+00]]
ACAAGCACTGGTCAACAGAAAGG,0.07025047391653061,[[9.692638e-29 1.000000e+00]]
CGAAGGTTACCTCAACAAAGAGG,-0.7980900406837463,[[9.7165604e-20 1.0000000e+00]]
CAGTCCCCCTGTTAATACGATGG,0.05184530094265938,[[1.0598163e-12 1.0000000e+00]]
GGGGGGAAATGGCCCAGCCAAGG,-1.6607410907745361,[[2.2356405e-14 1.0000000e+00]]
CCCGGTTTGCCTTCAAAACCTGG,0.08238214254379272,[[3.1280715e-27 1.0000000e+00]]
GAAAGGAACTGGGTTCCAGAAGG,0.4626076817512512,[[1.9499904e-10 1.0000000e+00]]
GCCACTCCCTCCTTGAGAAAAGG,-1.6173123121261597,[[9.9956137e-01 4.3863541e-04]]
CAGGGGGGGTGGGAAAGCGCGGG,-0.5579350590705872,[[1.1170024e-12 1.0000000e+00]]
ACCAAGTCCAAGTAAAAACCCGG,0.4711376428604126,[[6.148106e-28 1.000000e+00]]
CTTGTTCCAAGCTAAGCGGCAGG,-0.8404942154884338,[[1.5486231e-23 1.0000000e+00]]
CTTTCCTTCCCCGCCAAGACTGG,-2.4458811283111572,[[1.2404058e-04 9.9987590e-01]]
ACATTGAACTTGCGGAAAACCGG,-1.8094481229782104,[[5.4848876e-21 1.0000000e+00]]
CAAAAGATTCCCCCCCCAGCCGG,-2.417480707168579,[[1.000000e+00 6.500847e-16]]
ACCACGGAGTTCTGACGGCGTGG,0.7679531574249268,[[1.6258349e-18 1.0000000e+00]]
ACCCGGAGTCGGTTGAAGAACGG,-0.27613452076911926,[[1.0000000e+00 1.0310352e-30]]
CCAAACCTTTTAGAAAGGCCTGG,-0.8443355560302734,[[0.9981079  0.00189208]]
TGCTTTACCTGTTGGCAGAATGG,-1.6289383172988892,[[9.994927e-16 1.000000e+00]]
ACTGGGGTGGAAATTCACCAGGG,0.7985609769821167,[[9.565469e-15 1.000000e+00]]
TGCTTTGGGTTGGCCAAGCCAGG,-2.3579671382904053,[[4.879928e-19 1.000000e+00]]
ATTTGAGCGGATACAGAAGGTGG,-1.127273678779602,[[1.0000000e+00 2.9969964e-11]]
ATCCCCTGGAGGAGGAAGCCAGG,-2.3691890239715576,[[3.4037437e-16 1.0000000e+00]]
CACAGCGCATATGGGGCCCACGG,0.4000767767429352,[[5.4879306e-18 1.0000000e+00]]
ATGTCAACCAGTGGGAGCGCCGG,0.07632387429475784,[[1.0675289e-21 1.0000000e+00]]
ATTGGTCCCAATTCCGCAGCAGG,-1.7006841897964478,[[1.000000e+00 5.602865e-15]]
ATTTTTTTCCAATACACCCGTGG,-2.758641481399536,[[7.302519e-13 1.000000e+00]]
GGCCATGCCATCCCGTGGACAGG,-0.9441145062446594,[[6.675709e-23 1.000000e+00]]
CGAAAACCTTAATGCCGGGCTGG,-0.885253369808197,[[1.000000e+00 2.667911e-09]]
GGCATAAGTGGGTGCACCGATGG,0.03632018342614174,[[1.3799046e-14 1.0000000e+00]]
GAGGGGAGGTGGTCCGGACGAGG,-0.018746105954051018,[[1.0566011e-23 1.0000000e+00]]
CACGGCCGGGGGTAACGCCCCGG,0.501850962638855,[[1.3642788e-17 1.0000000e+00]]
CTTCGTTTTAGGTTCCCCCACGG,-0.0005970722413621843,[[6.3305942e-15 1.0000000e+00]]
GCCAAGCCCCTATTAAAAGGTGG,0.38275808095932007,[[2.8227852e-14 1.0000000e+00]]
CTGAAATTAAGCCTTCAAACTGG,-1.5304311513900757,[[1.4449249e-11 1.0000000e+00]]
ATCGCTAAATCCAAAACAAATGG,-2.5772035121917725,[[4.2152954e-32 1.0000000e+00]]
CCCTGCCCCTGGAATAGAACAGG,-0.8255521655082703,[[3.7661896e-25 1.0000000e+00]]
CCTGCCCCTCAATACAAGAAAGG,-1.4245187044143677,[[2.2882393e-13 1.0000000e+00]]
AGTGTTGTGTTGTAGGAGCCTGG,-1.634924292564392,[[0.9911265  0.00887354]]
CAAAACCTTGGCACCACAAAGGG,-1.8085590600967407,[[7.092322e-34 1.000000e+00]]
CCCTGTCAAAGCCATTGACAAGG,0.08390948921442032,[[0.98709303 0.01290699]]
GGGGGAAAATGCGGGGAGCCAGG,-2.389305353164673,[[4.148617e-05 9.999585e-01]]
GCTCCCCCTTGGGAGGAGAAGGG,-1.5708569288253784,[[8.9538194e-10 1.0000000e+00]]
CAAGGTTTGGATTGAGGGGCAGG,-0.4044761657714844,[[3.173849e-08 1.000000e+00]]
ACATGAAATGAGACTACGGCAGG,-0.5448476672172546,[[2.998777e-39 1.000000e+00]]
GGCCGAAGTGAGCCCCAGCCAGG,-2.4527108669281006,[[1.0921828e-27 1.0000000e+00]]
TGGCATCTTCACGCCACCCGCGG,0.6543800234794617,[[0.5861754 0.4138246]]
TGTCGCCGGTCATTGAGCGCAGG,0.08682618290185928,[[4.6574425e-13 1.0000000e+00]]
ATTTTGGGATTAACGCAACCCGG,-2.4540555477142334,[[5.503889e-13 1.000000e+00]]
CACAAAAAGCTCCACCGGCCAGG,-1.3151344060897827,[[3.3663123e-22 1.0000000e+00]]
ATTTTTAGGGTCCCCCCACAAGG,-3.0467965602874756,[[2.4111633e-12 1.0000000e+00]]
CATTTCCCTTAAAGGGCCGCCGG,-1.6243969202041626,[[1.0000000e+00 5.5867857e-14]]
ACCTGAAATCAAAGTGGGCGTGG,0.2650405764579773,[[2.4058072e-27 1.0000000e+00]]
TGGGGGTCCATGAGGTAGCCAGG,-2.778554677963257,[[9.9999988e-01 1.7485428e-07]]
CTGAATGGGGTAACACAAGATGG,0.07445421069860458,[[8.34468e-22 1.00000e+00]]
AGTATTTTTCCTCATACCCGTGG,0.3018103241920471,[[1.9368474e-20 1.0000000e+00]]
TGGTACAAATCCGGCGAACCTGG,0.20885084569454193,[[1.8949471e-22 1.0000000e+00]]
CACAGCGTGGGCATGGAAAATGG,-1.8338161706924438,[[2.331701e-33 1.000000e+00]]
CCAGGTGAAGGGTGAGAAAAAGG,-1.7054405212402344,[[2.008901e-19 1.000000e+00]]
CAAAAGATTGGAAGGTGCAAGGG,-1.0599380731582642,[[8.7521674e-20 1.0000000e+00]]
GCCACTGATGATTGAACACCTGG,-0.3774183988571167,[[1.2944889e-04 9.9987054e-01]]
CTGAACCATTGAATGGCGGCCGG,-0.08546669036149979,[[1.000000e+00 7.255091e-10]]
ACCACCAAGAGTTGACCGCCAGG,-0.1226515844464302,[[6.5853993e-12 1.0000000e+00]]
GCAGAAAGTTGAGAATGAGGCGG,0.680393397808075,[[3.7726642e-23 1.0000000e+00]]
ACAGGGGGGGGAAGAAAGCACGG,0.3987581133842468,[[5.2744037e-28 1.0000000e+00]]
TTTGCCCCCCCCCATACCCAAGG,-2.1977906227111816,[[1.7411457e-21 1.0000000e+00]]
CACGGTGGACCTCACCCACCTGG,-1.1455374956130981,[[0.00428871 0.9957113 ]]
AGTATGCAAAAATGCCAGACCGG,-0.6305047273635864,[[4.726113e-25 1.000000e+00]]
AGTTTGTTCCTTCGGAAAAAGGG,-2.4710822105407715,[[5.58449e-16 1.00000e+00]]
CTGCTGTGCCGATTGAGGAGAGG,0.5896387696266174,[[2.5031823e-18 1.0000000e+00]]
ATCGCCCAGGTCAAAGGCCCAGG,0.42178642749786377,[[6.648643e-38 1.000000e+00]]
ACGGGGGTTGTCCAACGACGAGG,0.787574052810669,[[0.9959234  0.00407655]]
CAGAAGGTTAATTAGGGACAAGG,-0.05922473594546318,[[8.575999e-06 9.999914e-01]]
CCAGTACATTAACTTCGGGCCGG,0.4473930597305298,[[8.6675474e-19 1.0000000e+00]]
GGCAGCAAAGTCTAAGACGCTGG,0.18963360786437988,[[3.895007e-15 1.000000e+00]]
CCAAAAGTGAAACAGACCAGGGG,0.6943726539611816,[[7.0672024e-20 1.0000000e+00]]
GACACGGAATCCAGGAAGCAAGG,0.07248140126466751,[[6.419101e-33 1.000000e+00]]
ATCTGTTGGGCGGATGGGGGAGG,-0.8662548661231995,[[1.5097486e-08 1.0000000e+00]]
GGCGTAATCAGCAGAAAGCCTGG,-0.9183716177940369,[[1.3806421e-21 1.0000000e+00]]
TGTGGGATCTCAAAGAAAAGAGG,0.36169278621673584,[[5.2825777e-21 1.0000000e+00]]
CAACGGTAACATAAGGAACCCGG,0.00772233447059989,[[2.2429185e-14 1.0000000e+00]]
GCCAGAGATGGGTCCACGCATGG,0.2605893015861511,[[1.6655837e-34 1.0000000e+00]]
CATCCCTGCTTATAGAGAAAAGG,-1.7197569608688354,[[1.4481524e-08 1.0000000e+00]]
GGTGAACTTCTTAGCAAAAGGGG,-0.5430483222007751,[[1.23841e-09 1.00000e+00]]
GCAAGTATCCTTCTCCCCAAGGG,0.28850212693214417,[[5.6300146e-21 1.0000000e+00]]
CACGGATGAAAAAGGTCGACAGG,-1.2315140962600708,[[3.6245695e-14 1.0000000e+00]]
CACATTCCGATAAGAAACCCTGG,0.5946249961853027,[[2.2820208e-31 1.0000000e+00]]
GCCATTTCCCTAATCCAGGCTGG,-0.5267419219017029,[[6.3711224e-16 1.0000000e+00]]
CATTCTTGCCGATTAAGCACAGG,-1.4219895601272583,[[1.7380687e-05 9.9998260e-01]]
GGACTTTTCAGGGCACAAGGAGG,0.6908242106437683,[[2.7595778e-26 1.0000000e+00]]
AGTTTGCAAATGGCGAGGACCGG,0.5021013617515564,[[1.0000000e+00 9.5327935e-30]]
CATGCATGAACCTGGAAGAAAGG,-1.156211018562317,[[1.8740647e-21 1.0000000e+00]]
ACTTTTGAGAATGGGGGCGCTGG,-1.6940943002700806,[[2.1978149e-16 1.0000000e+00]]
CCATCTTCCGTAACAAGCCATGG,0.2958481013774872,[[1.1667559e-32 1.0000000e+00]]
GGCCGATGAAGCTCGGAAACTGG,-1.7495845556259155,[[2.948695e-17 1.000000e+00]]
CTTTGTCTTAGCTTCAAGGGCGG,-1.033229112625122,[[4.782927e-10 1.000000e+00]]
CCAACAGGCCTTGGTGGAGGTGG,0.2360069453716278,[[1.0000000e+00 2.3520487e-28]]
GGAGGATTCAAGGTCCACAATGG,0.46584343910217285,[[1.3856333e-21 1.0000000e+00]]
TGTGTGAAAATACAAGACGAAGG,0.6718152165412903,[[2.008502e-12 1.000000e+00]]
TGAGATCCCCATCCTCCAACTGG,-0.8768195509910583,[[1.1886664e-31 1.0000000e+00]]
TTGGGAGATACCCAGAAGGCCGG,0.3509994149208069,[[2.2686826e-21 1.0000000e+00]]
GCCAAGGACAAGTGGCAAGCAGG,-1.4019736051559448,[[2.3459515e-16 1.0000000e+00]]
AAGGAATAACATAAAGGACGGGG,0.7598244547843933,[[1.0000000e+00 1.1463104e-20]]
ACCGGTCCCAGTTGGAGGCCTGG,-1.3755110502243042,[[1.6608033e-11 1.0000000e+00]]
CATTTGCTCCATTCGGAGCCGGG,-2.447451114654541,[[3.0274375e-13 1.0000000e+00]]
CGAAAAACTGGCCGGCACCATGG,0.3804702162742615,[[3.7374267e-23 1.0000000e+00]]
TTATTCCGTGTTGCCAAGGGTGG,-0.07609500735998154,[[1.0000000e+00 2.3438368e-08]]
ACTGTTGGGTGAATTAAGCCTGG,-1.726284384727478,[[9.176836e-30 1.000000e+00]]
GCTCTACAGTGGAAATAGGAAGG,0.3101372718811035,[[9.990257e-01 9.742573e-04]]
GGAAGGAAAGAAGCCGCGGAAGG,0.817949652671814,[[3.1705851e-21 1.0000000e+00]]
TTGCGAATAAAAATGAAAGAGGG,-0.4641391336917877,[[9.9998379e-01 1.6258875e-05]]
GCCAGTTCCCAATAGAGGCCCGG,-0.31357812881469727,[[3.6486213e-08 1.0000000e+00]]
ACGAACTGGAGCCGGGGACCTGG,-1.2769412994384766,[[1.2512499e-17 1.0000000e+00]]
GAGGGGGAAATGCCGTGACCTGG,-1.4154547452926636,[[0.9897816  0.01021837]]
AGGGGAATCCTAATGCGCGGTGG,0.6202861666679382,[[5.5013486e-13 1.0000000e+00]]
CATGTGGATTAAAAGCCGGAGGG,0.49410009384155273,[[8.046137e-18 1.000000e+00]]
GGAAGGGAGGGATCAAGCCGCGG,0.702034056186676,[[4.182861e-16 1.000000e+00]]
TGTGTGGGGGGATTAGGGACGGG,0.24587778747081757,[[1.0137715e-34 1.0000000e+00]]
CCGGTGGATGCCCTTCCCCCTGG,0.28121986985206604,[[1.2232978e-36 1.0000000e+00]]
CGGCCAAGGGGTGAGCAGGCAGG,0.18358226120471954,[[6.488748e-26 1.000000e+00]]
AGTGCCCATATTGGGCCGGCCGG,-1.6411572694778442,[[1.3138519e-25 1.0000000e+00]]
ACAGCCAATGCTTCACACGGTGG,0.7517572045326233,[[1.6184275e-26 1.0000000e+00]]
CAGAGGGAAAGTGGGACAAAAGG,-0.10728589445352554,[[4.8666464e-15 1.0000000e+00]]
ATTTTTGGTCTCTTGGAACAAGG,-3.3074917793273926,[[2.6543372e-25 1.0000000e+00]]
ACTTCCCCCCTTCTTCAGCCAGG,-2.1621100902557373,[[1.4057544e-19 1.0000000e+00]]
ACGGAAGCTTGGAGGACGACAGG,0.5751761794090271,[[2.7678855e-26 1.0000000e+00]]
ATCTTACCTTTCGAGCCAGATGG,-2.0813801288604736,[[9.999950e-01 5.040396e-06]]
CACGGTGCGGATTACAACAGAGG,0.8431801199913025,[[8.80075e-19 1.00000e+00]]
AACAGTAGGCTTACCGACCGCGG,0.7215951085090637,[[5.9433444e-07 9.9999940e-01]]
ACTCTCCACGTGGAAGGAGGCGG,0.24265597760677338,[[1.5682873e-14 1.0000000e+00]]
CTGTTTTTTCCAGGAAGGCCCGG,-0.9664003252983093,[[4.684899e-18 1.000000e+00]]
TCACTTGGCCCTTAAGCGGAAGG,-0.01789003238081932,[[9.175423e-14 1.000000e+00]]
AAAGAAAGAACGTGGCAACCTGG,-1.8468533754348755,[[3.624847e-21 1.000000e+00]]
CCAAAGGGAAGGTCCAAAAGTGG,-0.5773463845252991,[[1.7610094e-23 1.0000000e+00]]
CACATTTTTTTCTTCCGCCATGG,-1.8197811841964722,[[4.729955e-25 1.000000e+00]]
AGTTTTCCTTGATACAGGCCTGG,-1.21601140499115,[[1.00000000e+00 1.02156585e-13]]
TGTTGTCTTGGGTAAACCGCCGG,0.6694089770317078,[[1.8992361e-17 1.0000000e+00]]
GGAGGGGGATCGGTGGACCGGGG,0.780275285243988,[[3.744737e-21 1.000000e+00]]
GCAGCTAAAGCCCTGTGGAGAGG,0.6811251640319824,[[8.1579796e-20 1.0000000e+00]]
ATCTGCCCATCCTCAGACCCCGG,0.5636495351791382,[[3.474667e-30 1.000000e+00]]
TCAGAGAGTGCAAAGACAAATGG,-1.3986672163009644,[[3.5437918e-16 1.0000000e+00]]
TGGTTTTCCTCTTGCCACCAAGG,-0.2792729437351227,[[4.8796454e-13 1.0000000e+00]]
ACAAGATGCCCCCAAGCCCGAGG,0.08480240404605865,[[1.0000000e+00 3.0076833e-29]]
TGGAAAATGGATTGAGGCCCCGG,0.5865537524223328,[[3.428948e-16 1.000000e+00]]
CCGAAGGAAAAATGCAGCACTGG,0.46905285120010376,[[2.227627e-24 1.000000e+00]]
GGCGTGATGGAGGACCGAAAAGG,-0.10982850939035416,[[0.6009959  0.39900407]]
GGAAAGGGAGGGTGAAGCCGAGG,0.6587183475494385,[[4.941544e-25 1.000000e+00]]
ACACAATAGAAGGTAACAAGTGG,0.4404606223106384,[[2.715534e-31 1.000000e+00]]
GAAAGGGTTGGAAGCAGCCCCGG,0.6215399503707886,[[4.061767e-24 1.000000e+00]]
ATCGAGTTGGGGTAAAGAAAAGG,-0.5603633522987366,[[5.8174056e-12 1.0000000e+00]]
TCAGAGGGGAGTGCCAACGGCGG,0.8148819804191589,[[6.317524e-36 1.000000e+00]]
TCCAGAACCTTGGCCCAAGCTGG,-0.6710813045501709,[[2.4739026e-36 1.0000000e+00]]
CCACTCCCCCATTCCAGGAAAGG,-0.35361969470977783,[[3.171727e-18 1.000000e+00]]
TTGTTTTTTACCTCGGAGAAAGG,-1.9101505279541016,[[2.3251039e-16 1.0000000e+00]]
CCCCTTTCCTCCCCTTAGCCCGG,-2.028292179107666,[[1.8897995e-15 1.0000000e+00]]
ACGGTATAACCCCCAAAGCCTGG,-1.5213936567306519,[[1.4614669e-37 1.0000000e+00]]
ACTCCTGATTCCTCAGGGGCTGG,-0.27904012799263,[[1.5823972e-18 1.0000000e+00]]
CAGGCCGGTCCTTAGAAGCCGGG,-1.184175968170166,[[4.698403e-14 1.000000e+00]]
GCCAATTCCAAGTCAAAAAAGGG,-1.7092026472091675,[[1.509429e-08 1.000000e+00]]
AGGTGTCGAACTGAGGAAGGCGG,0.723844587802887,[[1.00000000e+00 1.13767255e-26]]
ACACAGTCTCTAAATTGGACTGG,-1.1431682109832764,[[7.0987916e-19 1.0000000e+00]]
GATAGCATAATGCTTGGCCGAGG,0.31186169385910034,[[4.2367398e-07 9.9999952e-01]]
GGGCACGCCTTAATAGGACCCGG,0.6221621632575989,[[3.2281724e-13 1.0000000e+00]]
CGGCACACCCTTCCAACCAGTGG,0.6418545246124268,[[9.439752e-31 1.000000e+00]]
TTGTGAACCTACAAAGACAAAGG,-0.14660611748695374,[[2.7832162e-19 1.0000000e+00]]
ATATTGCCCTTGAACCAGCAGGG,0.16070160269737244,[[1.9847297e-36 1.0000000e+00]]
ATCCTCCCCCCATACCAACGTGG,0.687426745891571,[[4.0731646e-20 1.0000000e+00]]
CACCGAAGATTGGCCACACGTGG,0.36246418952941895,[[1.4803997e-13 1.0000000e+00]]
CACTGAGGCTCCTGGGCCCCCGG,-0.7869903445243835,[[9.9999869e-01 1.2533872e-06]]
AGAAAAATGGGCGTGCCCGCTGG,-0.9568617343902588,[[1.11468e-40 1.00000e+00]]
ACAGGAAGTGCTTAGACGAAGGG,0.4679907560348511,[[4.834432e-15 1.000000e+00]]
TTGCAGGTGAAAAAGCAGCAAGG,0.6593980193138123,[[1.825488e-25 1.000000e+00]]
CCATGTCCAGATACCCGACAAGG,0.4309301972389221,[[1.4944334e-18 1.0000000e+00]]
GCGAAAAATGAAACTGGCAAAGG,-0.5054976344108582,[[5.4017724e-27 1.0000000e+00]]
TGGACAAGGATAATGGCGCCCGG,0.5164769887924194,[[5.278517e-18 1.000000e+00]]
CAAAGTGGTTGATAACACACTGG,0.29098960757255554,[[7.5632003e-19 1.0000000e+00]]
CTTGCCCCTGGAATTGAAACTGG,-2.595473527908325,[[1.2088964e-24 1.0000000e+00]]
GACTGAGGGTTTCTGAAAAGCGG,-0.2873374819755554,[[1.918886e-15 1.000000e+00]]
ACAGCCAAGCTAATAAGACAGGG,0.7180406451225281,[[1.2238707e-23 1.0000000e+00]]
TGCCATTAAGCCCCCCAACGCGG,0.422380268573761,[[7.3106884e-16 1.0000000e+00]]
CTCATTCTTCCTGGGCAAGATGG,-1.939710021018982,[[1.1948759e-17 1.0000000e+00]]
CCATTTTTCTTAATAGGAGAAGG,-1.6432074308395386,[[2.0536521e-15 1.0000000e+00]]
CCAAACTGTGTGTTCCGGGCTGG,0.08462013304233551,[[2.72546e-20 1.00000e+00]]
ACCGGAGTTCACCGAGGCCCAGG,0.17993035912513733,[[5.8575545e-27 1.0000000e+00]]
AATGGGATCTTCCGTTAGGCAGG,-1.597113013267517,[[9.9999988e-01 1.3888925e-07]]
GGCAGCCTTGGGGATGCCGGCGG,0.5403546094894409,[[9.999995e-01 4.930788e-07]]
TGCGTTCCCTTGGGAGGAACAGG,-0.5809458494186401,[[0.33396855 0.6660314 ]]
ATCTTTTACTCAATAAACCCCGG,0.14361105859279633,[[5.104712e-32 1.000000e+00]]
CATGTACTCCAGTCGCCAACTGG,-2.1780927181243896,[[1.0745369e-19 1.0000000e+00]]
CTGCCCCCAGTAACGGGAGGCGG,0.21197925508022308,[[2.659538e-24 1.000000e+00]]
AGGGCCTCCGTGAGAAGGGCCGG,0.7056978344917297,[[6.022825e-35 1.000000e+00]]
GGCTGAATTTTGGGGCCGGCCGG,-1.5228360891342163,[[5.5276406e-18 1.0000000e+00]]
CTGGTCTAACTGGCGCCCCAGGG,0.42121174931526184,[[1.4616124e-21 1.0000000e+00]]
GGGAAAAAAATAAGTGGCCCGGG,0.27914661169052124,[[3.263233e-26 1.000000e+00]]
TGCCAATGGCATTCGACCCCAGG,-0.43165308237075806,[[8.928731e-29 1.000000e+00]]
ACTGGTCTGCCCATGGAGGCCGG,-0.83176189661026,[[1.08935725e-35 1.00000000e+00]]
CCACATGGCCCCTAACGCGCCGG,-0.6256415247917175,[[3.4873907e-10 1.0000000e+00]]
GGCGAAGGATTAATAGAACAGGG,0.6313673853874207,[[3.647574e-25 1.000000e+00]]
GCAGGTGGGTAGGGTGGCGGGGG,-0.41425028443336487,[[3.8117106e-29 1.0000000e+00]]
CTGGTTAGTGTAAAAGGAGCAGG,0.30808499455451965,[[1.4923909e-22 1.0000000e+00]]
CAGAAAGTTCAATGGGGGCCTGG,-1.8591049909591675,[[0.9977003  0.00229974]]
CATCGAATGAACTGAAGCGGTGG,0.56636643409729,[[5.4970883e-10 1.0000000e+00]]
CAGACAGGCTTACGCGGCGGTGG,0.524230420589447,[[8.2055856e-14 1.0000000e+00]]
CTGTTTTGGTACGTGGCGCCCGG,-0.6208349466323853,[[2.8042243e-17 1.0000000e+00]]
GCGAAGTGAAGAATAGACAGTGG,0.8841792941093445,[[1.3243187e-13 1.0000000e+00]]
ATGAATTCCCTACTCCCCCCTGG,0.4106738567352295,[[4.5177553e-29 1.0000000e+00]]
CCCGGGTCCCATGGAGACGATGG,0.6131779551506042,[[6.110165e-26 1.000000e+00]]
CCATTGCCCATTAGAACAAGTGG,-0.42680034041404724,[[1.000000e+00 8.680758e-17]]
CCCCTGCCAAGGTGAAAACCAGG,-0.3780743479728699,[[1.03300544e-19 1.00000000e+00]]
CCAGCCCATTCCTCCGGCCCTGG,-0.15454606711864471,[[2.1766352e-27 1.0000000e+00]]
ATTCGTATTAAACAGAAGACTGG,-0.7643796801567078,[[7.60339e-09 1.00000e+00]]
ATTGTGCCTTGTTCACCAGGAGG,0.12298036366701126,[[2.0053569e-05 9.9997997e-01]]
CACGGCCTCCTCCACAGCGGCGG,0.806117594242096,[[2.4493157e-31 1.0000000e+00]]
CATCCTTGGTGTTACGGGGCTGG,-0.7111967206001282,[[1.000000e+00 2.652728e-10]]
TCAGTTAAGCCTTCGAAGAATGG,-0.4945024847984314,[[7.0822345e-20 1.0000000e+00]]
CATGGCCATGGGTGAAACGATGG,-0.04587461054325104,[[3.1047623e-10 1.0000000e+00]]
GCGGAAATTGCTCCACAAAGAGG,0.31656455993652344,[[9.9999976e-01 2.3331370e-07]]
ATGTAAACTACATTGGAAACTGG,-1.7175297737121582,[[1.0000000e+00 1.0728098e-09]]
CCAAGGAAAGATTCAGCCGCCGG,0.3003731966018677,[[8.753179e-05 9.999125e-01]]
GGTGTTGGTATAATCACAGCAGG,0.25280943512916565,[[1.4468314e-25 1.0000000e+00]]
CACAGTTCCCACCTGGCACCTGG,-0.7437335848808289,[[0.79865664 0.20134334]]
CAGGCCTAACCCTTCCCCCAGGG,0.43921929597854614,[[2.6894406e-32 1.0000000e+00]]
GTGGGGGATATCAAAACCGCTGG,0.31926509737968445,[[9.339597e-25 1.000000e+00]]
CTCGGTGACATGGAACGAGAGGG,0.6829908490180969,[[1.0761903e-26 1.0000000e+00]]
CACACCCCTCCACCTGACAACGG,0.47360605001449585,[[2.020573e-29 1.000000e+00]]
ACGATTGGCTCAAGAAAGAAAGG,-0.46501344442367554,[[3.909583e-10 1.000000e+00]]
AGGAATGATGGGAAGGCGGAAGG,0.7609028220176697,[[8.094882e-23 1.000000e+00]]
ACTCACAGTTGTCCAAACGCCGG,0.03134693577885628,[[1.6862588e-34 1.0000000e+00]]
TGTGAAAAGGGCGTTAGGGGAGG,0.48605963587760925,[[1.7114997e-20 1.0000000e+00]]
CCATTTAACGCTTCAAGACGTGG,-0.33631429076194763,[[7.894942e-24 1.000000e+00]]
TGAGGAAGGCATTGAGGCCAAGG,0.20747490227222443,[[2.9228193e-21 1.0000000e+00]]
CCGGAGGGATCCGCCGGAAAAGG,-0.6771355867385864,[[7.4600347e-14 1.0000000e+00]]
CTTGCCCCCGGTAACGAGCAAGG,-1.7510532140731812,[[2.7462464e-22 1.0000000e+00]]
GGCGGCCTTGAGTGAAGGACCGG,0.7380104660987854,[[6.0224504e-04 9.9939775e-01]]
CCAAACACAAAATTCCAAAGTGG,-0.7404230833053589,[[4.512567e-23 1.000000e+00]]
AGTTTTGGATCCTGCCGCCCCGG,0.013917684555053711,[[1.0000000e+00 1.0300935e-19]]
CACATGCCCGCTCAGGAGGCCGG,-0.5369120836257935,[[1.0000000e+00 1.1131395e-13]]
AGTTTTCTCTGGAGGAGGGCCGG,-0.5067799091339111,[[3.2098206e-13 1.0000000e+00]]
ATGTTTTGTGGAGTTCACCCCGG,0.6373758912086487,[[1.4553253e-14 1.0000000e+00]]
AGTGTTCAATCGGGTTGGACCGG,-0.23878812789916992,[[4.5488723e-06 9.9999547e-01]]
AGCGACTCACCCTTGGACCAGGG,0.46428555250167847,[[1.5521322e-28 1.0000000e+00]]
CCAAGGCTTACCGGTCAAAAGGG,-1.224402666091919,[[5.6087984e-19 1.0000000e+00]]
GGGACACTCCCCTTATACGCCGG,0.09918230026960373,[[2.9071708e-38 1.0000000e+00]]
ACTTTTTCCTTGTTGGAGCCCGG,-2.5051677227020264,[[1.4896301e-25 1.0000000e+00]]
GGGGGAAAAGCTCCTTCGGAAGG,0.43814218044281006,[[1.0758765e-37 1.0000000e+00]]
GGCAATCCCAATTGAAGAACTGG,-1.451797604560852,[[1.0910587e-05 9.9998903e-01]]
GGAAAAAAAGTATAAACGGCAGG,-0.056187909096479416,[[7.1876963e-29 1.0000000e+00]]
CACGACAACCTTGGGGGGGGAGG,-0.6491325497627258,[[8.197825e-18 1.000000e+00]]
AGTTGGCGTCCATTAGGCAGAGG,0.5635160803794861,[[7.2474236e-19 1.0000000e+00]]
CAATGCCCTACGTGGGGAACAGG,-1.7265563011169434,[[1.0177343e-21 1.0000000e+00]]
TGGAGGGATGGTTACAACCCTGG,0.8357186913490295,[[2.4905885e-27 1.0000000e+00]]
CGAGATCCACGCTCGGACGGTGG,0.6042554378509521,[[3.1692624e-09 1.0000000e+00]]
ACCAATAAGCGGTAAGCGGGTGG,0.16235579550266266,[[1.4802748e-14 1.0000000e+00]]
TGTTTTAAGTGGTAAGAACATGG,-0.891144871711731,[[9.220464e-20 1.000000e+00]]
CCCTTTGAGGGTAGGGAACAAGG,-1.495409607887268,[[5.8586167e-08 1.0000000e+00]]
CCAAAGAGGGACTTACAAGCGGG,0.031229138374328613,[[0.55467093 0.4453291 ]]
ACGAAAAGGCCAAATACCCCTGG,0.3106229901313782,[[1.0000000e+00 8.5274635e-29]]
CATTTCTTACTCCACCAAACTGG,-2.808384895324707,[[5.502417e-25 1.000000e+00]]
CCCCATAAATCAACAAAGGCAGG,-0.37336012721061707,[[3.844153e-31 1.000000e+00]]
GGCTGAGTCCCCGAAAGCCAGGG,0.7002864480018616,[[1.2831124e-26 1.0000000e+00]]
ATTTCTTTGTTCTTGGGGCCTGG,-3.320366621017456,[[9.999913e-01 8.679772e-06]]
ATCTTCCATTGAGGAAGAAGTGG,-0.07319467514753342,[[2.0371405e-09 1.0000000e+00]]
TGTTTCTCCAGGTTGGCGAAAGG,-1.2471188306808472,[[9.454593e-10 1.000000e+00]]
ATATTTTCTTCCCTTGGCGGAGG,-1.0528217554092407,[[6.397073e-19 1.000000e+00]]
CAACTGGAGTAGAGAAAAGAGGG,0.23941545188426971,[[2.6991947e-24 1.0000000e+00]]
TGGCGGGGCCATTCGCCAGGTGG,-0.21028076112270355,[[0.95585537 0.04414463]]
ACCTGCGGGGGTTGAGGCGGTGG,-0.6129407286643982,[[2.6357702e-06 9.9999738e-01]]
ACTCGGAGGTGGTGACGAACTGG,-1.3218616247177124,[[8.538447e-04 9.991461e-01]]
CGAGGGGAAAAGTTGAAAGAAGG,0.3123374283313751,[[0.6534939  0.34650612]]
CAGTCTTCCACCTTACCCACTGG,0.36766308546066284,[[3.4960595e-15 1.0000000e+00]]
GATGATGGTTGCAAGAACCAAGG,0.5508754849433899,[[2.5856e-39 1.0000e+00]]
GATATTTGGTTACCCGGCAGTGG,0.242776021361351,[[1.0000000e+00 7.2371406e-13]]
CGCAGTGACAAATTAGGAACTGG,-0.7384049296379089,[[6.401146e-20 1.000000e+00]]
CCCAACAAATTGGCCCCCAGCGG,0.1946478933095932,[[6.8117554e-26 1.0000000e+00]]
CTCATTCAACAGCTTGCCGGCGG,0.33495187759399414,[[5.23e-42 1.00e+00]]
TCCTTTTTAGCTCAGGCCGAGGG,-0.8507025837898254,[[1.5140002e-18 1.0000000e+00]]
CACGCAGAATGAATCAGCAGAGG,0.673160970211029,[[2.6952487e-28 1.0000000e+00]]
ACTGGTGGAGCTTGGGACCCTGG,-1.177229404449463,[[5.5046922e-11 1.0000000e+00]]
CCCCAAAGGTTGAAGGAGACCTG,0.10386867076158524,[[2.0480049e-14 1.0000000e+00]]
CTTGGTCCTCCCCTCCCGCGGGG,0.4283258318901062,[[1.878814e-25 1.000000e+00]]
ATTTTTTCTTCAGTCCACAAAGG,-3.6683900356292725,[[1.1450019e-08 1.0000000e+00]]
CCGGCCTCGGCTTAGGCAGGAGG,-0.12626022100448608,[[1.3243006e-21 1.0000000e+00]]
TGAAGTGGTAAATACCCACCCGG,0.6656732559204102,[[1.7814067e-24 1.0000000e+00]]
AGCCGAAGGACCGGTTCCCCCGG,-0.19511042535305023,[[7.957811e-15 1.000000e+00]]
AGCTGTACCCTAAAGTGACCCGG,0.13101015985012054,[[1.2040468e-07 9.9999988e-01]]
AAAGCGCGGTGAGACCGCCAAGG,0.5388599038124084,[[1.9938351e-22 1.0000000e+00]]
TGGAAGAAACTCTTACGAACTGG,-0.9970024228096008,[[1.0000000e+00 3.1953908e-14]]
CCGAACTCACCTGGGAAAAAAGG,-2.2772676944732666,[[2.1445517e-25 1.0000000e+00]]
CCCTTTTGGCTCAGGGGCCCTGG,-1.8805586099624634,[[7.321548e-30 1.000000e+00]]
CTCTTTTTGGTCCTGGCCCCCGG,-0.7758669257164001,[[1.00085894e-22 1.00000000e+00]]
CATTTTTCACACGTTCCGGCCGG,-1.9560315608978271,[[1.9909068e-24 1.0000000e+00]]
CAACGCCCCCCAACTCGCCAAGG,-0.9834321141242981,[[1.6975568e-30 1.0000000e+00]]
ACTTGTCTCCAGTAAGCACCTGG,-0.45486992597579956,[[5.4732207e-15 1.0000000e+00]]
GCCAGACGTAGACAAAGGACAGG,0.6977875232696533,[[5.0336934e-22 1.0000000e+00]]
ACAACACCTGAAGGCCGAGAAGG,-0.32755571603775024,[[0.00335287 0.99664706]]
TGTGCGGAAACTCTTAGAAGGGG,0.7558448910713196,[[1.2587491e-10 1.0000000e+00]]
CCACAGGAAAAATAAGAAAAGGG,-1.5367538928985596,[[6.1442358e-21 1.0000000e+00]]
CACCCGCAACCTGGAACCGGCGG,0.8581531047821045,[[1.3196837e-25 1.0000000e+00]]
ACCCCGGAAAAAGTGGGCGGCGG,0.6752335429191589,[[1.2647449e-16 1.0000000e+00]]
GCGGGAAAATAGGCGGCAGCAGG,-1.109730839729309,[[3.8493053e-07 9.9999964e-01]]
TTGTTTCCTTCGGCCGCGGCGGG,-1.3246370553970337,[[2.5627966e-19 1.0000000e+00]]
TGTTTGGTGAAGGTTGCCCCTGG,0.5457788109779358,[[1.246264e-22 1.000000e+00]]
ACATTTTTTTCCTCCCGGACTGG,-1.8543018102645874,[[2.9942505e-17 1.0000000e+00]]
ATGTTTCTTCATAAACGACCCGG,-1.1105738878250122,[[2.7752456e-10 1.0000000e+00]]
AGCGGTCCCAGGGTGAAGCCAGG,-1.80376398563385,[[1.46739455e-36 1.00000000e+00]]
CCGAACATTAAGTGGAAAGATGG,-0.5114546418190002,[[2.7421457e-20 1.0000000e+00]]
ACTTTTTATCAAATGGGCGGTGG,-1.699933648109436,[[4.101909e-09 1.000000e+00]]
GCAGAGGGGTCATTAAGCAGTGG,0.6818858981132507,[[1.1120433e-19 1.0000000e+00]]
CACGGTGGAACTCCGGTAAAGGG,-1.6251417398452759,[[7.9461195e-18 1.0000000e+00]]
CTGTTTTGGGGGATTCCGCGTGG,0.662102997303009,[[0.93076336 0.06923667]]
AGACATAATTCCTTCCGGCCTGG,-1.039650559425354,[[1.3062533e-10 1.0000000e+00]]
GACGAAAAAGATAAAGCGAGGGG,0.6300069689750671,[[1.000000e+00 7.145949e-14]]
CCGGAACTCCACCTGAAGGCTGG,0.3057909607887268,[[2.7189364e-29 1.0000000e+00]]
GCCACGGGGATTCTGGACCACGG,0.691922128200531,[[9.605348e-18 1.000000e+00]]
CCCATTAGTGGAAAAGACCGTGG,0.7863107323646545,[[3.2175814e-20 1.0000000e+00]]
CAAGTGGGGGGGTAACAGCCTGG,-1.871713399887085,[[2.8927588e-14 1.0000000e+00]]
ACACTTCTCCCTGAAAGCCAAGG,0.3478240966796875,[[4.375381e-16 1.000000e+00]]
CTTGTTTTCCCTTCTAAGGCCGG,-1.8023382425308228,[[1.826912e-22 1.000000e+00]]
TGAGAAATACCCGTGAGGGCTGG,0.16779108345508575,[[1.000000e+00 6.496917e-20]]
TTGGTGGTTGCCTTAAAAAGAGG,0.2567099928855896,[[1.3022354e-18 1.0000000e+00]]
GGACACGGTCTCAAGCAAAGAGG,0.29963934421539307,[[8.389594e-21 1.000000e+00]]
CAGGTCCTCCCAATGGGCCATGG,-0.048305921256542206,[[1.0955817e-23 1.0000000e+00]]
ATAGTAAACGCCCAAGCCCCTGG,0.49420347809791565,[[6.21169e-40 1.00000e+00]]
TTGAATGGAACCTGGGAGAAAGG,-0.5340420007705688,[[1.8203657e-22 1.0000000e+00]]
TGGGGTTGAATAAGGACCACAGG,0.6994794011116028,[[2.505238e-24 1.000000e+00]]
CAGGGTGGGTGGGGCCAAAATGG,-2.6026487350463867,[[8.804991e-17 1.000000e+00]]
TGGTTTATCTTGCCGAGGCCTGG,-0.5737280249595642,[[5.027682e-09 1.000000e+00]]
CAGATATCCGGAGCAACCAGGGG,0.9290867447853088,[[2.9124981e-31 1.0000000e+00]]
CCTTGTGAACCATTAGAAGCTGG,-1.1786566972732544,[[1.0000000e+00 8.3927664e-20]]
CCAAGCGTGACGGTGGGCGGCGG,0.4147370457649231,[[1.5156089e-15 1.0000000e+00]]
ACAAGTGGTACGTGGCAGAAAGG,-0.852655827999115,[[2.1172212e-27 1.0000000e+00]]
TGCCCTCCCAATAGGCTGGCAGG,-0.805265486240387,[[8.1279314e-30 1.0000000e+00]]
ATCCCAATGCTTAAGAAAGCTGG,-0.9513421654701233,[[1.9296207e-12 1.0000000e+00]]
CCCGTCGATGCACGGGAACCCGG,-0.4615173041820526,[[5.066211e-22 1.000000e+00]]
CATGAAAGGTCCAAAGGAAGAGG,0.3507063686847687,[[2.8090340e-06 9.9999714e-01]]
CGAAAAATTAAGTGGCGGAAAGG,-1.4758718013763428,[[1.0000000e+00 3.7800074e-10]]
GACGAAGAAGTGGATAACGGAGG,0.9337649941444397,[[4.5394034e-28 1.0000000e+00]]
AGGTTGTTGGCCTGAAAAAGGGG,0.6512212157249451,[[7.697429e-05 9.999230e-01]]
CCCGAAACCCTAGAGGCGGGCGG,0.504256546497345,[[5.5328328e-17 1.0000000e+00]]
GAAGAAAGATCCCGCGCGGCTGG,-1.1873823404312134,[[3.338792e-36 1.000000e+00]]
ACCTTTTTCCTCCAATCCCATGG,-0.766042172908783,[[0.97740364 0.02259633]]
TCAGAAGGTCCACAGGAACGGGG,0.6640680432319641,[[2.092324e-19 1.000000e+00]]
TGTTTTCTGGCCAATCAAAAGGG,-2.148054838180542,[[7.240174e-07 9.999993e-01]]
GGGACATACCCGTCCAGGCCAGG,-1.3511632680892944,[[5.464374e-23 1.000000e+00]]
ACATGAGTGGTTACCGCCCATGG,0.6791446805000305,[[6.0874132e-33 1.0000000e+00]]
CAGAGCCCTCCCCAATAAGGAGG,0.47703784704208374,[[1.0875751e-29 1.0000000e+00]]
ATTCCCCCCATGACCAGAAATGG,-2.0109000205993652,[[2.4334313e-28 1.0000000e+00]]
TGCACCCCTAATGCCCCGCCCGG,-0.3244970440864563,[[5.546428e-22 1.000000e+00]]
ACCGGCAGGTTGGGGAGGACCGG,-0.11034063994884491,[[0.9954093  0.00459068]]
GCTCGGAGTTAAATAGACAGAGG,0.6433822512626648,[[4.369131e-14 1.000000e+00]]
CAAACAGGAACGCTCCCAGAAGG,-0.4112200140953064,[[8.26519e-23 1.00000e+00]]
GGCGAAGGGGTTCTCGACAGTGG,0.6781229972839355,[[1.2055427e-26 1.0000000e+00]]
AGTGTAGACTCTTAGGCGGGGGG,0.11888813972473145,[[6.715132e-19 1.000000e+00]]
CATCCTTCCAGATCCAGGCCCGG,-1.2702292203903198,[[8.4909403e-23 1.0000000e+00]]
TGGAGTGGGTGCAGGAAGGAAGG,0.7439519166946411,[[1.3433689e-24 1.0000000e+00]]
TCACATTGGTGGACCGCGCATGG,0.5313587188720703,[[4.0480833e-29 1.0000000e+00]]
ACAGCTTCGCCGTGGCGAGGGGG,0.5392071604728699,[[1.789635e-16 1.000000e+00]]
CCATTTCTTTTGGCCCACCGAGG,0.39201414585113525,[[9.9915862e-01 8.4133487e-04]]
CAATTGAATGATTACCCCGCAGG,-0.048030346632003784,[[1.978273e-15 1.000000e+00]]
AATCTATCCGTTGGGGCCGAAGG,-1.5667307376861572,[[3.252879e-19 1.000000e+00]]
TGAGGGTGTTGGACTTCGGCCGG,0.4946470260620117,[[5.4113605e-28 1.0000000e+00]]
ACACCAACCCTTAAGACCGGTGG,0.6757459044456482,[[3.6346861e-05 9.9996364e-01]]
TTGGTTTTTCAATAACCAAGGGG,0.30187922716140747,[[8.429648e-09 1.000000e+00]]
CAACGAATCTTCTGGAGGGCTGG,-1.3787745237350464,[[1.0000000e+00 1.3116659e-14]]
GGCAGAAAGGATAACAAAGAGGG,0.5041122436523438,[[6.750169e-25 1.000000e+00]]
GGCCAGCAAAAAATGGAACGTGG,0.7429754137992859,[[1.669846e-19 1.000000e+00]]
AGATCCAACTCCTGGAAGCCAGG,-1.8940168619155884,[[1.7281333e-32 1.0000000e+00]]
GACGGAGGGTAAGGGGGGACTGG,-1.6288187503814697,[[4.1725408e-04 9.9958271e-01]]
ACCTGACCCTTCCATAGCCCGGG,0.5351361036300659,[[0.34810016 0.6518998 ]]
GCTGGAAGGGCTGTTGGAACAGG,-1.3910768032073975,[[1.2578087e-28 1.0000000e+00]]
ACTGCTGCGGTAAAGGAACGCGG,0.5887554287910461,[[9.346709e-21 1.000000e+00]]
TGACCTTAACTGGCGAGGAGGGG,0.749989926815033,[[2.6442909e-18 1.0000000e+00]]
ACAGCTTCCCTGGCAAGCCGTGG,0.6925966739654541,[[4.1320584e-26 1.0000000e+00]]
ACTTTCCCCAAGTAGAAGCAAGG,-1.5110145807266235,[[1.000000e+00 9.595661e-14]]
ATCTAAGACCTCGAGGAAGCAGG,-1.3592890501022339,[[4.067494e-29 1.000000e+00]]
GCGGGGAAATGGGCCCGCCGCGG,0.04282058775424957,[[3.0695013e-19 1.0000000e+00]]
GGCGGCAAGTTACTTGAGAGTGG,0.7357949018478394,[[0.05367593 0.94632405]]
GGCCATTATACTTCACCACGTGG,0.43630027770996094,[[6.000078e-27 1.000000e+00]]
CGGCAACGCCATCCTGGACGGGG,0.7122271060943604,[[7.6200575e-09 1.0000000e+00]]
TTGCGCTGGATGAAAGCGGCCGG,0.5399065613746643,[[1.1251595e-09 1.0000000e+00]]
GCCGACGTGACTACGGCAACCGG,0.11760008335113525,[[7.1320015e-30 1.0000000e+00]]
GCAAAAGGGTGGACAACCAGGGG,0.7146669030189514,[[5.8056406e-17 1.0000000e+00]]
TGGGTTCTTCCCAGTGGGAAAGG,0.5926470160484314,[[1.0576722e-26 1.0000000e+00]]
CAAGGCCTGCTTAAGAAGACCGG,0.2073221206665039,[[4.69596e-24 1.00000e+00]]
TCACTTTCCTCCTTAAGGGGAGG,-0.4736018478870392,[[3.5723636e-23 1.0000000e+00]]
ATTTTTCTCCCTGAGAGGGAAGG,-2.8881890773773193,[[4.8239492e-08 1.0000000e+00]]
TCATTTTGAAATAAGGAGAAAGG,-0.8619968891143799,[[8.573788e-20 1.000000e+00]]
GTCTGAGCGATTAGCACAAAGGG,-0.3657107651233673,[[1.1674479e-14 1.0000000e+00]]
CCTGCGTGGCCTGAGAAGCCAGG,-1.7516248226165771,[[1.0000000e+00 4.9385013e-21]]
TGCTTTTTCCTTGGTGAAGACGG,-1.5650619268417358,[[5.612505e-25 1.000000e+00]]
TGTGTGAGGAAGCGTGGGCAAGG,0.6325601935386658,[[0.00504167 0.99495834]]
CAAAGGCATCGTGGCAAAAGAGG,-1.620752215385437,[[0.9967121  0.00328796]]
CGAAGCCTCGAATCCGCCGCAGG,0.21808592975139618,[[4.3247976e-18 1.0000000e+00]]
CTCCTTTCCGACTTCGCCCCAGG,0.28324371576309204,[[3.4174836e-23 1.0000000e+00]]
ACAAGCCCTTAAGCTGCCGCGGG,0.19858093559741974,[[7.747881e-17 1.000000e+00]]
ACGGAAAAGCTTCAACGAGCTGG,-1.7025753259658813,[[2.1197368e-25 1.0000000e+00]]
CAGAGGGGATCCAGAAGACACGG,0.5557767748832703,[[1.01505715e-17 1.00000000e+00]]
CATTTTTGGAATAAGACCGGTGG,-0.9706188440322876,[[2.7063122e-29 1.0000000e+00]]
CAGGAAAGGGCCTGTCGGGGTGG,0.43648767471313477,[[3.7118846e-13 1.0000000e+00]]
CGGAAAAAGGATGGTGGGAATGG,0.5861920714378357,[[4.76655e-11 1.00000e+00]]
CATTCCGGTAGGCTCAAACCCGG,-0.4155973196029663,[[4.154348e-24 1.000000e+00]]
CAAAAAAAGTGGACCCCACGAGG,-1.2422274351119995,[[6.636095e-32 1.000000e+00]]
GGCACGCCCCATGTCACGACGGG,-1.1762593984603882,[[0.06186732 0.9381327 ]]
GGCCAAGATTGGGGTGCGGCTGG,-0.4541577398777008,[[3.8044827e-04 9.9961948e-01]]
ACTAGTCCCCTCGGGGGCGCTGG,-1.6639820337295532,[[5.202936e-23 1.000000e+00]]
CCGTTTTATTGGGTGGAGAATGG,-0.5459321141242981,[[0.02150019 0.97849977]]
CAGGTTTACCCCCTGACAAAGGG,-1.3500522375106812,[[4.379244e-21 1.000000e+00]]
CACGAGAGGTGGGGCCAGCCCGG,-2.7877910137176514,[[4.1494176e-11 1.0000000e+00]]
CACAGCTCCCCACTTCCCAAAGG,-0.004189376253634691,[[1.6483653e-27 1.0000000e+00]]
ACATTGGAACGCCTTGAAGAGGG,0.10020646452903748,[[4.351471e-12 1.000000e+00]]
CAAAATACAACAATGGGGGAAGG,-1.072563648223877,[[2.942331e-20 1.000000e+00]]
ATGTCCGACCTTCCGGGAGAGGG,-0.020800568163394928,[[2.2853735e-17 1.0000000e+00]]
GGAAAGATACTGGAACAAGAAGG,0.4842904508113861,[[1.0000000e+00 1.8285737e-08]]
ACTTGTTGAGTGACCGCAACTGG,-0.8211324214935303,[[3.7303904e-23 1.0000000e+00]]
CAGAGGTGGGAGCTCGGCCCGGG,0.3171123266220093,[[1.8925252e-24 1.0000000e+00]]
ACACGGAAATGGCCGCCGGCAGG,-1.0674396753311157,[[5.2903876e-34 1.0000000e+00]]
CACGAGGACCACCTAAAGAGAGG,0.7540141940116882,[[2.9337028e-26 1.0000000e+00]]
GGATGTCTCTCCTCCGGGACTGG,0.5252651572227478,[[1.7653972e-13 1.0000000e+00]]
ACTCGGATCCACCAATGGGCCGG,0.27674466371536255,[[1.2228776e-29 1.0000000e+00]]
GCAGCAGTAGGTTGCAAAACTGG,-2.1572253704071045,[[8.215176e-31 1.000000e+00]]
CATACAAATACTTAAGGCCCGGG,0.08668462932109833,[[3.0291329e-30 1.0000000e+00]]
AGCCTTTCTTGGGATGGGGGCGG,-0.07537654787302017,[[1.190861e-06 9.999988e-01]]
GCAACGATAATTGGAGCCAATGG,0.03014221601188183,[[1.6528804e-19 1.0000000e+00]]
TGGGGGGTTGCTGGGGGCGACGG,-0.896664559841156,[[3.394821e-13 1.000000e+00]]
GCAAGTCCTCGGATTAGGGAAGG,0.5388578772544861,[[2.573802e-24 1.000000e+00]]
CGCATTCAACCTGCCGCGGAAGG,0.5995516180992126,[[2.4381303e-15 1.0000000e+00]]
CCAGTCTCCCCAATTGGAGGTGG,0.43655097484588623,[[8.22809e-18 1.00000e+00]]
CCATTTTGCCATCGGAAGGCAGG,-1.9015696048736572,[[3.3137338e-35 1.0000000e+00]]
ATGGTTAACGGGTCCCAGCCTGG,-2.24977707862854,[[1.0589113e-34 1.0000000e+00]]
CCACCCTTCCGTTGAAACCGGGG,0.8321924805641174,[[6.455597e-24 1.000000e+00]]
CATTGCCTTGGCCATAACAATGG,-0.3714686930179596,[[1.2259605e-21 1.0000000e+00]]
CAAAGGAAAATTCCCCCCCGAGG,-1.4305691719055176,[[3.2587835e-31 1.0000000e+00]]
TCCAGAGGAAGGGCTAACCCAGG,0.7453810572624207,[[1.1443407e-26 1.0000000e+00]]
GCCAGGAGAAGATTACAAGAAGG,0.5549381375312805,[[2.093499e-25 1.000000e+00]]
CAAAAGTCATTAACTCACCCCGG,-0.9015889763832092,[[6.2928924e-29 1.0000000e+00]]
TCCCAAGAAAGGTCCAGGCCTGG,-1.2820476293563843,[[4.570779e-08 1.000000e+00]]
ATGCTTCCATTGGAACAGGGTGG,0.6811941266059875,[[5.6199536e-20 1.0000000e+00]]
AATGGGAAGTTGAAGGGACCAGG,0.11272227019071579,[[2.4011195e-29 1.0000000e+00]]
ACAGTTGAATTCGGAACAGAAGG,0.09944034367799759,[[1.5199764e-20 1.0000000e+00]]
CTCACAGTTGAGGTTGGCCAAGG,-0.01448792964220047,[[4.8684935e-19 1.0000000e+00]]
AGTCTTTCCATGGAGGAAGGGGG,0.28877347707748413,[[1.1360431e-24 1.0000000e+00]]
ATGGCATGAAAATCGAGCAGGGG,0.8118463754653931,[[8.428517e-18 1.000000e+00]]
CACAAGTGGAAACTTGGAGGCGG,0.5048738718032837,[[3.9027312e-20 1.0000000e+00]]
CCTGACCTTCCTCCGGCCGAAGG,-0.27629703283309937,[[1.8383999e-20 1.0000000e+00]]
GGACTAAGGCTGGGGAGCAGGGG,0.7299937009811401,[[7.334185e-37 1.000000e+00]]
ACGAAAGTGGATTGACCGGCAGG,0.1773184984922409,[[2.606119e-24 1.000000e+00]]
CCTGAAACCTCCTCGCCAGCAGG,-2.020251989364624,[[1. 0.]]
TTGTTTTGCCCTTGAGGGGAAGG,-1.6661875247955322,[[1.5457665e-23 1.0000000e+00]]
CGAAACCTCCCGTCCCCCACTGG,-0.7404939532279968,[[1.3917455e-30 1.0000000e+00]]
CGAGAATGGAAGCTTCCGGCAGG,0.5098714828491211,[[1.1325912e-22 1.0000000e+00]]
CACCCAGGGGTAACCACACAGGG,0.19992175698280334,[[1.0000000e+00 2.5909687e-08]]
AGTGTTGTTTGGAACCAGCGGGG,0.9943637251853943,[[0.00825046 0.9917495 ]]
CGGACCCATGTTGAAGAAACTGG,-1.6293503046035767,[[0.5054092  0.49459082]]
ACACTGGATGGGTTCAAACCTGG,-1.3451405763626099,[[5.926439e-21 1.000000e+00]]
ACCAGAAAGTTAAGGAGCCGAGG,0.4359755218029022,[[3.4787006e-14 1.0000000e+00]]
CTTGAGACTCCAGAAAGCGGCGG,0.6622636914253235,[[2.119795e-16 1.000000e+00]]
ACTCGCTGGGACTAGAAGCCCGG,-1.474202036857605,[[8.823035e-27 1.000000e+00]]
CAAGAAAGGGATCAACGCGGTGG,0.5956727862358093,[[1.952709e-27 1.000000e+00]]
AGTTCCCAGGATTCCGGAGGTGG,0.5582039952278137,[[1.8555036e-12 1.0000000e+00]]
ACGGTCCATGGAGCGGACCCTGG,-0.20749519765377045,[[3.9386703e-35 1.0000000e+00]]
GGGTGAATGAATGCGGCCAGCGG,0.48847272992134094,[[1.0000000e+00 1.5018405e-10]]
CCTTGGCTCTAATTAGCACAAGG,-0.6666255593299866,[[2.7852341e-06 9.9999726e-01]]
CCAGGTCCCCTCATAGAAAGGGG,0.6476020216941833,[[1.0865445e-18 1.0000000e+00]]
TCGAGGTTAGTCCAAAGGCCTGG,0.6214460134506226,[[5.3335462e-20 1.0000000e+00]]
GAAAGTAGTTAACAAAGAAGCGG,0.3780233860015869,[[9.9999893e-01 1.0521145e-06]]
CACTGTCCCCTTCAGAGCAGTGG,0.4499187171459198,[[7.5050944e-17 1.0000000e+00]]
AAGAACTTCACCTCACGACCCGG,0.513234555721283,[[9.9994564e-01 5.4325516e-05]]
CTGTTTGGTGATAACAGAGGAGG,0.7669219970703125,[[2.4016779e-06 9.9999762e-01]]
GCTTTGCGGGTGCTGGCCACAGG,-0.9205944538116455,[[9.011929e-19 1.000000e+00]]
ATGGTGAACCGGTTCAGCACCGG,0.6857784986495972,[[3.569403e-18 1.000000e+00]]
GCTAGGCCCTCCAATAACAAAGG,-0.19948740303516388,[[5.2837495e-35 1.0000000e+00]]
TACTCTTCGTGGCCCCAAAGTGG,-0.9307395815849304,[[1.4294896e-33 1.0000000e+00]]
TGGTTCACTTGGGGGGGCACTGG,-0.12067300826311111,[[1.0374482e-19 1.0000000e+00]]
CACTAAGGCTGGTGGGGCGGTGG,-0.8849135637283325,[[1.0057609e-16 1.0000000e+00]]
GATGTAATGGATTAGGGGAGAGG,-0.30958569049835205,[[9.990245e-01 9.754950e-04]]
CCGGTTCATCCCGCACCGAAGGG,0.6850258708000183,[[6.840757e-28 1.000000e+00]]
TGCCTAATACCGGTTGCCAAAGG,-0.017155468463897705,[[4.483694e-28 1.000000e+00]]
CCCATGTGGGGTGACGTGGGCGG,0.3622240424156189,[[3.1600336e-35 1.0000000e+00]]
AGGGGATGAAGTGGGGCCAAGGG,0.7105029225349426,[[5.107478e-17 1.000000e+00]]
AGTTTTTCCTCCTTGTACCCTGG,-1.238218069076538,[[3.025915e-27 1.000000e+00]]
GCTTTTTCCTCCTTGAGAGAAGG,-1.787854790687561,[[1.000000e+00 5.935069e-10]]
CAAACCCCCATTGGAAACAGGGG,-0.008667634800076485,[[3.8015207e-27 1.0000000e+00]]
ACACTTGGTTGGTGGGGCCCCGG,-1.3703738451004028,[[1.0000000e+00 4.3938675e-14]]
CCATTTGTGAAGAACACACGCGG,0.6627103686332703,[[6.993256e-30 1.000000e+00]]
GGTAGTCTTCCCTTAAGACCTGG,0.46190133690834045,[[0.00136541 0.9986345 ]]
ATCTGCCCAACTGTCCAAGCTGG,-1.3156840801239014,[[1.0485734e-25 1.0000000e+00]]
ATCTTGCCTTCCATAAAGAAAGG,-0.7803608775138855,[[2.8540632e-16 1.0000000e+00]]
ACACAGGAGTAATTGCAAGGTGG,0.6310667395591736,[[0.00215541 0.9978446 ]]
GGGGGATGAACTCGGAAAGCAGG,-1.0048469305038452,[[1.4134974e-12 1.0000000e+00]]
GGTATGCCAGTTCTTCGGCCTGG,-0.019553910940885544,[[2.0391584e-20 1.0000000e+00]]
CAGGCAGAATCACCGTGGAAAGG,0.314961701631546,[[6.586396e-22 1.000000e+00]]
CCAGCCTTCCTTTTGACCGCCGG,-1.02145254611969,[[1.00000e+00 8.70501e-22]]
CCTGTTGGCTCTTAAGAACGAGG,0.45598164200782776,[[2.7180612e-17 1.0000000e+00]]
TGTGTTCCCAATAAAACAACTGG,-1.406952977180481,[[0.90999156 0.09000845]]
TTCATTCATGGCCTAAACCGTGG,0.8467970490455627,[[1.3771234e-13 1.0000000e+00]]
CATCTTGAGGATAACCCACCAGG,0.031492698937654495,[[3.0921482e-19 1.0000000e+00]]
CAAAGGCTAGAAGTCGAAGGGGG,0.4587116837501526,[[1.526635e-21 1.000000e+00]]
CCAAAGTGATACTGGCCACAAGG,-1.5547839403152466,[[9.999994e-01 6.022586e-07]]
CTGCTCTCGTTGAAACCCAGTGG,0.7311407923698425,[[2.7446281e-11 1.0000000e+00]]
CCCACCTTTCTTTCAAGGCATGG,-0.14293979108333588,[[0.32614842 0.67385155]]
TGCTAAAGGTGCTCAAGAAGTGG,0.46138936281204224,[[1.00000e+00 7.83721e-09]]
TCGTTGAACTCCCCCCCGAAAGG,0.13123391568660736,[[4.7816625e-16 1.0000000e+00]]
GGGTGGCGCCTTATAAACCATGG,0.7905411720275879,[[3.3169055e-14 1.0000000e+00]]
TGCACAAAATAAAGTGCGGAAGG,-0.511565089225769,[[7.9981434e-28 1.0000000e+00]]
ACACCAAATTCTCAGAAAGGTGG,-0.7653234601020813,[[5.8236344e-23 1.0000000e+00]]
CAATGCCCTGGGTGAAAGCCCGG,-1.7341655492782593,[[6.786795e-21 1.000000e+00]]
GCAGAGGGATCCGTTGAGAAAGG,-0.2907329797744751,[[3.2541958e-26 1.0000000e+00]]
GCCGAAATGGTTGGAGGAACTGG,-1.1191173791885376,[[5.9890697e-15 1.0000000e+00]]
CTCCTCTCAATAGGCGGGACCGG,0.19437472522258759,[[1.1004004e-27 1.0000000e+00]]
GCGGGGATGGGTGCGGGGCATGG,-1.4698677062988281,[[1.2731378e-17 1.0000000e+00]]
CGAAAAATAAGGCCACCCAGAGG,0.5966660976409912,[[1.3555166e-25 1.0000000e+00]]
CTGCACCTACGCTCCACACAAGG,-0.33323347568511963,[[3.5246372e-14 1.0000000e+00]]
ATGTTTTGACAGGTGAGGCCTGG,-1.5270123481750488,[[1.7224557e-22 1.0000000e+00]]
CAGAGGGTAGGGCTGGCACCTGG,-0.932887613773346,[[4.0326999e-22 1.0000000e+00]]
ATTGTTCTCAATGGGGGACCTGG,-1.536989688873291,[[1.0000e+00 7.6807e-41]]
CGTGTGAAAAACCTGAGGGGGGG,0.693595290184021,[[1.7712983e-22 1.0000000e+00]]
ATCTAGATCCCCTCGCCGGAAGG,0.32854482531547546,[[9.9996936e-01 3.0629610e-05]]
GGCCGACTTAAGCCAACCCGTGG,0.7786285281181335,[[1.6233489e-19 1.0000000e+00]]
ATACGAATTCCAAGACGCAAAGG,-0.6461150050163269,[[5.6676512e-24 1.0000000e+00]]
CAGAGGGAACAATTACCAAGAGG,0.7592505812644958,[[3.404853e-13 1.000000e+00]]
TGTTTTCCTCCCCCTTGGGGAGG,-0.4152631163597107,[[7.930662e-29 1.000000e+00]]
CAAGTCCAACATAGAGAGGCCGG,0.003759365063160658,[[5.892778e-11 1.000000e+00]]
GCGAAGTGCAGGATAACGCCGGG,0.28981107473373413,[[4.434815e-24 1.000000e+00]]
CAAGAAAAAACCCCCCAAAAAGG,-2.2488014698028564,[[6.79417e-38 1.00000e+00]]
CAGCAATGGGGTCAAAAAGAAGG,-0.8041648268699646,[[1.5419641e-09 1.0000000e+00]]
CACATTCGGCTAAGAACGGCCGG,0.131571963429451,[[9.304255e-24 1.000000e+00]]
TGGTGGTAGCTCACAGGAGAAGG,0.7091434001922607,[[1.0923965e-25 1.0000000e+00]]
TGGCTTCTTCCGGATAACCCAGG,0.8220658302307129,[[1.0542083e-33 1.0000000e+00]]
AGCCGTCCAACTTAGAGGCCAGG,-1.4156230688095093,[[7.1797414e-16 1.0000000e+00]]
CCACAGCCCTCATTGGGAGAGGG,0.25441986322402954,[[1.2780441e-15 1.0000000e+00]]
AATGCGTGTTAGCCTTGGCGAGG,0.4260551333427429,[[1.5327749e-27 1.0000000e+00]]
TGAAGGTAACTCGGACAAAAGGG,-0.8393546938896179,[[1.3855118e-21 1.0000000e+00]]
GCAGAAATGAAAGTACAGCAAGG,0.7298317551612854,[[1.4667115e-29 1.0000000e+00]]
GGTGGATTCAATTGGACCAATGG,0.4150903522968292,[[0.00422842 0.9957716 ]]
ACTTTGATACCGGTGCCAGAAGG,-1.8850512504577637,[[1.0000000e+00 4.5505995e-37]]
TCTATCTGTTAGTCCGTAAAAGG,-1.7592135667800903,[[1.0000000e+00 5.0801734e-11]]
ATCCTTGTCAAGTGGGGGGGTGG,-0.8614516854286194,[[9.9998260e-01 1.7374703e-05]]
CCATTTCCTCCTTCGAAGCCTGG,-2.313804864883423,[[2.7942675e-09 1.0000000e+00]]
CCATTCCTCTTCCCAAACAAAGG,0.15415841341018677,[[1.8112294e-22 1.0000000e+00]]
AGGTTGTCCATAGAACCGCCAGG,0.43340301513671875,[[0.99897707 0.001023  ]]
GTTTCGCAGCATCGGCACAGAGG,0.04886217042803764,[[9.9999857e-01 1.4192647e-06]]
ACAGCCCGTTCACAGGCCCGCGG,0.2893522381782532,[[1.8184001e-16 1.0000000e+00]]
CAACCTCATGGTTCACCGCCCGG,-0.3455129861831665,[[4.6546334e-18 1.0000000e+00]]
CACGGTTGAACGTTGACACCTGG,-0.03612690418958664,[[3.517938e-27 1.000000e+00]]
CAAGAGGTATCCAAAGAAACCGG,-1.3877593278884888,[[2.7725303e-22 1.0000000e+00]]
ACGGATTTTCCTGGGTGAAGGGG,0.4351652264595032,[[2.0266064e-17 1.0000000e+00]]
CAGGTCCCCCCCCTTCACCGAGG,0.7149837017059326,[[7.075582e-30 1.000000e+00]]
CCATCTTGAAAGGCTTGGCGAGG,0.49096477031707764,[[1.000000e+00 7.726739e-12]]
ATTTGTTAACCAGTGGAACCAGG,-2.029174566268921,[[1.5578854e-14 1.0000000e+00]]
CCCACCCTCGGTACCGCACCTGG,0.41825610399246216,[[4.0926137e-22 1.0000000e+00]]
ATATTGTCTCCATCCCAGGGTGG,-0.23041851818561554,[[1.0000000e+00 2.3747218e-10]]
AGTTGTTGTTCCTCCGGCAAAGG,0.6150535941123962,[[2.8318687e-20 1.0000000e+00]]
GCATTGGAACCATTCCACAGAGG,0.6749252080917358,[[1.0000000e+00 3.7489784e-08]]
AGTCTTCATCCGTTGCCAGATGG,-2.1495141983032227,[[2.4782524e-32 1.0000000e+00]]
CGTTTTTGTGAAAATTAAACTGG,-3.6498348712921143,[[7.778845e-13 1.000000e+00]]
GGGGGTTGGGTAAACAGAACGGG,0.3565981090068817,[[0.9971017  0.00289829]]
TTCACGCCCTGGGAAAGGAAAGG,0.5857459306716919,[[0.0718293 0.9281707]]
CATACTTCCCACTCTGGCCCTGG,-1.4226949214935303,[[3.1997672e-23 1.0000000e+00]]
ATATTTCAACCTTGGGAGAAAGG,-2.1484720706939697,[[8.7718655e-10 1.0000000e+00]]
CTGGTGATTCTCCAGCCAGGTGG,0.6445147395133972,[[3.8254578e-16 1.0000000e+00]]
AAGGCGTGGGGAGGCGGCCACGG,-1.4715243577957153,[[5.590691e-24 1.000000e+00]]
ACAACAGGGAAGGTGCCGAAAGG,-0.8515027165412903,[[3.2187092e-21 1.0000000e+00]]
GGATGATGGTAAGGGGGACCGGG,-7.89840123616159e-05,[[3.9270056e-24 1.0000000e+00]]
GGGTGAAGCCTCGTACGCAAGGG,0.7427734732627869,[[0.006077 0.993923]]
ACCCCGCCCATCCCCCAAAATGG,-1.9447938203811646,[[0.9185019  0.08149805]]
CCACGCATCAATCGCCAGCCTGG,-1.956494688987732,[[9.9999917e-01 8.0766813e-07]]
GGGTCCCCGGTTGAAACCCGGGG,0.9093500971794128,[[4.860337e-23 1.000000e+00]]
GAAGGAATTAAGAAGAAAGCCGG,-0.002297033090144396,[[1.9434329e-29 1.0000000e+00]]
TGGCTTCAAAGGTCCCAAAAGGG,-0.7633050680160522,[[1.1651832e-14 1.0000000e+00]]
CCCGCCTCTTCTCACCACCGGGG,0.8593785166740417,[[2.1113385e-30 1.0000000e+00]]
CATCTATTAAAAGGGAGAGCAGG,-0.6968592405319214,[[1.0000000e+00 2.0035645e-10]]
CGAGAAAGCGTTGGGGAACGTGG,0.6945450305938721,[[1.3398321e-17 1.0000000e+00]]
CAGCAAAATTCCGTTGAAGCCGG,-1.7601243257522583,[[1.0000000e+00 2.5560557e-22]]
CTTTGCGGGAGGGTGGACCACGG,-1.330049991607666,[[3.369919e-24 1.000000e+00]]
AATGGCCCTCCCTCCGCCCCGGG,-0.21622321009635925,[[2.7066984e-11 1.0000000e+00]]
CACAGGACTTTTGGAACCGAGGG,0.4493178129196167,[[5.7035075e-11 1.0000000e+00]]
GATATGTAATTGGCGGCAGACGG,-0.37430059909820557,[[1.0000000e+00 1.1864117e-10]]
CAAAAAACAACTCCCCACAAAGG,-2.058779001235962,[[6.7526724e-31 1.0000000e+00]]
ACATGGGTGAGGCTTGAAAAAGG,-1.6833246946334839,[[2.6484947e-30 1.0000000e+00]]
AGTTTTTTCCCGGCAACAAGGGG,-1.5578410625457764,[[7.8101013e-19 1.0000000e+00]]
ATCCCTGGCCAGTGCCAACAGGG,-0.6965263485908508,[[3.2343185e-27 1.0000000e+00]]
TCAATTATTCCTGGGAGAGGAGG,0.26252779364585876,[[1.000000e+00 5.549313e-27]]
TGTTTTCTTGTTCACCCACGGGG,0.002125323284417391,[[1.6162516e-16 1.0000000e+00]]
GCTAGGATAAGGGGACGAAAAGG,-0.6939498782157898,[[8.193016e-09 1.000000e+00]]
CACGTCCCCTTTTGGAGAAGGGG,-0.15763281285762787,[[3.1381736e-05 9.9996865e-01]]
CTACTTTACTCGTGCGGACCTGG,-1.6389976739883423,[[7.0461946e-23 1.0000000e+00]]
CCATGTGTTCTTGAGGGGAGTGG,0.497014582157135,[[1.2227921e-24 1.0000000e+00]]
CAACACTCCCTTATCCAAAGGGG,-0.4556120038032532,[[8.633573e-38 1.000000e+00]]
CCAAGGAGGCCTTGGGCCAAGGG,-0.4769897758960724,[[1.4124463e-12 1.0000000e+00]]
TGTTTTTTGGTCATAACCCAGGG,-0.26276135444641113,[[4.2641124e-05 9.9995732e-01]]
CATCTTCAATTCAGCAACACTGG,-1.6838222742080688,[[1.5646375e-16 1.0000000e+00]]
GGCAGAACGTTCATCCGGAAAGG,-0.3075672388076782,[[2.761823e-17 1.000000e+00]]
CTTTTTTCCCTGGTGGAAGGCGG,-2.087895154953003,[[5.0578215e-18 1.0000000e+00]]
CAACATGAAAGTGAGGAAAGAGG,-0.028929108753800392,[[2.0547523e-27 1.0000000e+00]]
TGCATATAAGGAGGGGGGGGTGG,-1.549910306930542,[[1.9657544e-31 1.0000000e+00]]
GAAGGAGGAATGCGGAAACGGGG,0.9069886803627014,[[2.4108195e-30 1.0000000e+00]]
TTGTGCCTCTTCAGAGGAACTGG,-1.3441684246063232,[[1.0000000e+00 1.7698581e-16]]
ACACTGAGCTTGTTCGACCCCGG,0.562164843082428,[[2.5392e-41 1.0000e+00]]
CTTTACCCCAATTAGGGGAGAGG,-1.9237004518508911,[[1.0000000e+00 9.3097005e-21]]
CAGGAGGATGTCCGAAAAGCTGG,-0.8472469449043274,[[2.901246e-14 1.000000e+00]]
CTGTGCAAAATGGAGAACCCTGG,0.7324439883232117,[[7.489308e-17 1.000000e+00]]
TGAAGTGAAAGTACAAAAAATGG,-1.3996721506118774,[[6.9586634e-37 1.0000000e+00]]
ATCTGCTTTCCAGGAGCCCCTGG,0.383831262588501,[[2.6789456e-24 1.0000000e+00]]
GGCAAGGATCCCGGTTGGAGGAG,0.7366473078727722,[[1.0500791e-24 1.0000000e+00]]
GTGGGGGTGATTCAAGCAAAAGG,-0.4897520840167999,[[9.993666e-01 6.333906e-04]]
CCAGCCACCTTGGGACGACAAGG,0.41047847270965576,[[1.0000000e+00 3.8559996e-19]]
AGTGATCAACCCTGGACAGCCGG,-0.7400785088539124,[[7.682797e-20 1.000000e+00]]
CTTGCTTCCATCAAGGGAACTGG,-2.2643511295318604,[[4.436541e-24 1.000000e+00]]
CCAGGATCACAGTGCCGGGAAGG,0.7183443903923035,[[2.7994275e-23 1.0000000e+00]]
CCGGATCAAAAAACTCGCAAAGG,0.3824109435081482,[[1.0638247e-15 1.0000000e+00]]
CCTTTTCCCAACTTCCCGCCTGG,-1.649358868598938,[[0.84177005 0.15822996]]
GGATGCAAAATCCCCAGCGGCGG,0.814643383026123,[[0.99531484 0.00468513]]
GCAGAAAGGGTTGTTGAGGCCGG,0.02599356137216091,[[1.0000000e+00 3.2811748e-12]]
CCATTCTTACCCCTGCCAAAGGG,-1.7558366060256958,[[1.9225544e-25 1.0000000e+00]]
CAGAATGCAGCCTACCACAAAGG,0.3751413822174072,[[2.7059688e-16 1.0000000e+00]]
GGCATTTCCCCGGTTCAGAAAGG,-1.4518920183181763,[[3.8697025e-27 1.0000000e+00]]
CACCTCCTAACGGTCAACAGAGG,0.7312129139900208,[[5.5073354e-31 1.0000000e+00]]
AATTGACGTGCGTGCCGGCATGG,-0.3314347267150879,[[9.992816e-01 7.184460e-04]]
GCAGAATGGGGGTACACCCAGGG,0.6624708771705627,[[9.1568644e-08 9.9999988e-01]]
TGTTGGCCCTGGATACAGCCCGG,0.35738539695739746,[[0.02711523 0.9728847 ]]
ATGTTTTAAATCAGGGTGAAGGG,-1.1147019863128662,[[1.6113743e-18 1.0000000e+00]]
GATCTCTTAGGTTTAGAGCCTGG,-2.1237010955810547,[[1.7094637e-09 1.0000000e+00]]
CCCATGGTGTGGAGGCTGCGAGG,0.5615434646606445,[[1.6900061e-12 1.0000000e+00]]
CAGAAAAAGGTCATTAGGCGTGG,0.24232816696166992,[[6.386299e-18 1.000000e+00]]
GCCAAGAAGATAACGGAGGCTGG,0.29275986552238464,[[1.3209264e-27 1.0000000e+00]]
CCGGTTTTCCCTGATTCCAATGG,-0.9302522540092468,[[6.0708805e-10 1.0000000e+00]]
AGCACCCCTTCCCTTACGGCCGG,0.1561412811279297,[[3.3451414e-07 9.9999964e-01]]
TACTTGTAGGCTTGGCAGGCTGG,-1.0433493852615356,[[1.0514764e-12 1.0000000e+00]]
AACCGGTGGGTGAACCAGCCTGG,-1.890036940574646,[[2.2135690e-07 9.9999976e-01]]
CACACCGTAAATGGGGAGCCTGG,-2.044161796569824,[[9.9926847e-01 7.3152495e-04]]
ATACCGGCCAGATTCACAGAAGG,0.5042332410812378,[[3.0658645e-25 1.0000000e+00]]
CCAGAACCCGTTCAAAACACCGG,0.5356058478355408,[[8.330553e-31 1.000000e+00]]
CCGGACGCCTTCTTAGGGCGCGG,0.5771723389625549,[[0.00567252 0.9943275 ]]
CAAAGAGAAAGGATCCAAAAGGG,-1.619513988494873,[[6.2066646e-28 1.0000000e+00]]
GCAGGTTACGTTGCCGGGAAAGG,0.49602389335632324,[[4.448636e-34 1.000000e+00]]
ATCTTGCAACCTGGGTGCAAAGG,-1.286054253578186,[[7.044431e-09 1.000000e+00]]
GGTCTGCAACCGTGTCCCCGGGG,0.7618431448936462,[[2.5300265e-16 1.0000000e+00]]
CTGCCCCTCCTCAGGAGGAAAGG,-1.1974495649337769,[[7.532114e-24 1.000000e+00]]
CATTTTCTTCAATCAGCGCCTGG,-2.4674599170684814,[[2.6262293e-12 1.0000000e+00]]
AGGCGGTCCAAATAGGGGAGAGG,0.6372644305229187,[[1.000000e+00 1.240874e-16]]
CATCCCCGGTTGGAATGGGCGGG,-0.34616756439208984,[[5.338878e-28 1.000000e+00]]
GACATGAGCCTCACCCGAGGTGG,0.6277675032615662,[[9.355456e-27 1.000000e+00]]
CACAATGCCGGTCCAAGGCCCGG,-0.35090911388397217,[[4.965671e-19 1.000000e+00]]
CAAAAGGGTATTCAAGAACCTGG,-1.6998642683029175,[[1.6979973e-15 1.0000000e+00]]
TCCAATTGGCTTCAAGAAAGTGG,-0.8083269596099854,[[4.1635127e-07 9.9999964e-01]]
ACTGCCTTGGGGTTAGAGCCAGG,-2.352140188217163,[[9.975981e-19 1.000000e+00]]
GACAATTGGTTGGCGAACAATGG,0.35027647018432617,[[3.3609272e-27 1.0000000e+00]]
ACACGTACCTTCCGGTACGAGGG,-0.14516399800777435,[[1.2646049e-31 1.0000000e+00]]
ACGACCTAACGTCAAACCACCGG,0.28828179836273193,[[4.5782054e-26 1.0000000e+00]]
CAGTCCTCGGCTCCAACCCCTGG,0.6949330568313599,[[2.8294881e-16 1.0000000e+00]]
CAGTTAAGTGTTGAAGCCCCTGG,0.741522490978241,[[2.5685866e-22 1.0000000e+00]]
CACACTAACCTTGGGGGGACAGG,-1.0214296579360962,[[1.2014515e-27 1.0000000e+00]]
TGGCCGGCAATCTAGGCGGCCGG,0.32975950837135315,[[1.947585e-18 1.000000e+00]]
CCTTGTTCCCCATTGGGAGGCGG,0.009087571874260902,[[5.1117524e-15 1.0000000e+00]]
CGATATCCCCATAGGTCCAGGGG,0.17460505664348602,[[1.0866714e-21 1.0000000e+00]]
CCAGAAATGGGAATTACGGGTGG,0.37418434023857117,[[7.312306e-31 1.000000e+00]]
GGTTTTAATGCCTCGGGAAAAGG,-1.6457287073135376,[[1.1335805e-23 1.0000000e+00]]
CACGGAAATGGCCTGAAACCAGG,-0.6033496260643005,[[8.410443e-31 1.000000e+00]]
GCCCATGGCATTAACAAGAAGGG,-1.0087765455245972,[[8.2590057e-32 1.0000000e+00]]
AATGAAGTGGCGTGGGCAGAAGG,-1.2744626998901367,[[0.71557903 0.28442094]]
ATTCATGCTGCGGCCAGGACGGG,-0.4623742699623108,[[1.000000e+00 1.769938e-10]]
TGTGAGGAATAACTAGAAAAGGG,0.3258725106716156,[[1.61522e-19 1.00000e+00]]
TGAGGGGATGCGGTTGAGCCAGG,-1.688149094581604,[[4.6655897e-23 1.0000000e+00]]
CTTCACTTCTCCTGGCCGGATGG,-0.9949014782905579,[[6.377348e-08 9.999999e-01]]
CCACTCCAAATTCACAGCCGAGG,0.6083303689956665,[[0.9608169  0.03918315]]
CCATAACGACGCTTAGAGGCCGG,-0.3810892403125763,[[9.215216e-37 1.000000e+00]]
ACATTTTTTCTTCCTTAGCCAGG,-3.845479726791382,[[9.9997282e-01 2.7198244e-05]]
ATGGGGTAAATTAAAAGGACCGG,0.5789409279823303,[[0.03299939 0.96700054]]
GCAAAAACCTTCTTACAAAAAGG,-2.7654621601104736,[[1.3708011e-05 9.9998629e-01]]
ACACAATTGATTCAACGAGGTGG,0.04899528995156288,[[1.0000000e+00 1.2822473e-17]]
CAAGGCCATTAAAAAGCAACAGG,-1.797664761543274,[[2.6326576e-09 1.0000000e+00]]
CATCCTTCCCAGTCCCAGCACGG,-1.039157748222351,[[1.1160073e-28 1.0000000e+00]]
TTGAATAAACCTTCAAAGGGTGG,0.45061057806015015,[[9.386591e-27 1.000000e+00]]
AAATTTTAATAACTGGGCAATGG,-1.8680485486984253,[[9.252179e-34 1.000000e+00]]
ACCAAAGTGGTTCCACCCCCTGG,0.36952805519104004,[[4.6583495e-24 1.0000000e+00]]
ATCTGGTTCTCGGAGGGACCCGG,-0.04525044932961464,[[1.0257476e-14 1.0000000e+00]]
ATCTGGTGTTAATTGAACCATGG,0.660003125667572,[[9.999341e-01 6.593654e-05]]
GGCCCAACTCGTGGGAACGCTGG,-0.06739475578069687,[[1.0000000e+00 2.8975753e-13]]
CATATGGGATTTTGCCCAACTGG,-2.5375936031341553,[[3.5665665e-21 1.0000000e+00]]
GGCGGAAAAAGAATCCGCCACGG,0.7672441601753235,[[5.4649172e-30 1.0000000e+00]]
TGTGGTGGAGGTTCAGGCGGCGG,0.4222221076488495,[[1.7214515e-21 1.0000000e+00]]
CACGCCTTTGAGGGAGGACACGG,-0.55394047498703,[[1.000000e+00 9.778613e-14]]
ACACCTGGGAATCCTCCCCATGG,0.7271644473075867,[[1.192895e-39 1.000000e+00]]
GGCTGCTCCAGAATTCAAGAAGG,-0.3150217533111572,[[4.3072937e-34 1.0000000e+00]]
ACACTTTTCTTCATCCCAGGCGG,-1.0406475067138672,[[2.1569217e-27 1.0000000e+00]]
ATCCCCAATGTTAACACAGAAGG,0.09012418240308762,[[7.632225e-22 1.000000e+00]]
ACGAGGGTAAGGGTTCCGGAAGG,0.7791453003883362,[[6.5380405e-12 1.0000000e+00]]
CCACGCCCTTAAAGAAAAAGTGG,-0.7719711065292358,[[6.5560653e-29 1.0000000e+00]]
TGCTCCACTGCCACCGGGACGGG,0.615868866443634,[[1.0507945e-35 1.0000000e+00]]
CTGCGGGATGGCCCTAGGACTGG,-0.002629695925861597,[[1.2567693e-11 1.0000000e+00]]
CATTGTTGGAAGTTCACCCATGG,0.5342280864715576,[[9.9988163e-01 1.1832311e-04]]
GGCAGAGGGGGTTAAGGGGGCGG,-0.07579066604375839,[[3.6750502e-23 1.0000000e+00]]
ATTGATGTACTAGAAACCGGTGG,0.6770434975624084,[[1.2458133e-13 1.0000000e+00]]
AATGTTTAAGGTGTTGCCGCTGG,-1.5803769826889038,[[6.658127e-14 1.000000e+00]]
TTGGGCCTCCAGAAAGCCCGGGG,0.8538617491722107,[[6.224034e-16 1.000000e+00]]
CGAGGTCCCCCGGTACACGATGG,0.7039486169815063,[[2.01735e-25 1.00000e+00]]
CGAAACAAAGGCCCCCCCACGGG,-0.48781394958496094,[[4.8226095e-29 1.0000000e+00]]
CCTCAATGGAAGGTTGCCCCAGG,0.13597916066646576,[[5.0604293e-17 1.0000000e+00]]
AGGTGGATCTCTGGGCGCCGAGG,0.6971569061279297,[[9.622333e-13 1.000000e+00]]
AGGGGCGGTTCCCCCACCGCCGG,-1.2161946296691895,[[2.6653761e-18 1.0000000e+00]]
ATGCCTCCGGTAAGAAGACCTGG,0.07561201602220535,[[4.7313974e-18 1.0000000e+00]]
TGGCGGGGAACTGTTGGGGCAGG,0.1819865107536316,[[9.999994e-01 5.528749e-07]]
ATTTTTCTGGCATAGCCAGCCGG,-3.5712335109710693,[[3.0482381e-21 1.0000000e+00]]
CCGGACCCCCATAAGGCACCCGG,0.5202117562294006,[[2.9323456e-21 1.0000000e+00]]
TGTGGATTATTAGCGGCCAGTGG,-0.5290243029594421,[[2.473094e-11 1.000000e+00]]
CAGCTTTCTTGCTTCGGCCCCGG,-0.17699076235294342,[[3.5996176e-13 1.0000000e+00]]
CTGGCCTCCCACTGCCGAAGAGG,0.13638031482696533,[[1.6007001e-20 1.0000000e+00]]
GAACGGTAACGGTTCGGGCCTGG,-1.4615947008132935,[[4.441412e-34 1.000000e+00]]
GGCCATGGAAGATAGGCCCCTGG,0.2863609790802002,[[4.668157e-14 1.000000e+00]]
CAGCCCCCGTCCAATCCACGAGG,0.7155411839485168,[[1.1380334e-25 1.0000000e+00]]
TGCGGGTAACCTGAGGGGAGCGG,0.6471244096755981,[[1.0000e+00 1.3071e-41]]
ATCTTGGGATACAAGAAAAATGG,-2.114455461502075,[[4.9912934e-18 1.0000000e+00]]
ATGCTCACCTCCTGACCAGATGG,-1.0716214179992676,[[5.0704787e-09 1.0000000e+00]]
CCAGGCCCTTGTGAGGACAATGG,0.5963870882987976,[[7.1488173e-20 1.0000000e+00]]
ACGTACTTCCCACCCTGGACAGG,-0.795593798160553,[[8.965054e-12 1.000000e+00]]
CAGGCAAAGGGATGACCAAGAGG,0.7995361685752869,[[3.7445077e-14 1.0000000e+00]]
ACTTTGTTCCCCAATGTACCGGG,-2.002250909805298,[[5.780363e-16 1.000000e+00]]
ACAGAGATAATTAGGAACGCTGG,0.12324071675539017,[[9.860878e-28 1.000000e+00]]
ATTTTTCCCCATAAGCGGAGCGG,-3.061908006668091,[[1.4324409e-13 1.0000000e+00]]
CAGACCCCGTGAAGACGGACAGG,0.4679279327392578,[[2.2300156e-17 1.0000000e+00]]
AGGGGAGGGGGTGCGAACCATGG,0.2981383800506592,[[2.5135241e-12 1.0000000e+00]]
CCAACATAAATGGCTTCCGCTGG,-0.1410798877477646,[[1.9760873e-36 1.0000000e+00]]
CAAGAAGAAAGGTCCACGAAAGG,0.13654778897762299,[[7.7715326e-17 1.0000000e+00]]
CTGTTTTCCCTAAATTCGGGCGG,-1.2027837038040161,[[4.0788065e-36 1.0000000e+00]]
TTCGGAGGTTTAAGACAGCGAGG,0.7226659059524536,[[5.0345627e-20 1.0000000e+00]]
GAACCGCTGTGAAGAACCCGAGG,0.8921640515327454,[[5.7807834e-23 1.0000000e+00]]
CAATAAATCCCTCCCCCGGGTGG,-0.38335829973220825,[[9.9999964e-01 3.1032855e-07]]
CACTTCTCCCTTAAAGAAGCCGG,-1.0485036373138428,[[2.6668322e-24 1.0000000e+00]]
TCGCGGGTCTGGGGGGAGCCTGG,-2.472874402999878,[[6.500093e-19 1.000000e+00]]
GGTCCACTTAGAATTCGCCAGGG,0.6553686261177063,[[0.9853049  0.01469514]]
CGGTCTAAAGTGGTTGAACATGG,-0.20425494015216827,[[2.0699076e-09 1.0000000e+00]]
AGCACCCTCTTCACCAGCACAGG,0.6768133044242859,[[2.6475828e-17 1.0000000e+00]]
AGAAACCCTCTTGGGACAGGAGG,0.24668368697166443,[[1.0475911e-08 1.0000000e+00]]
TCATTTTCCCGAGGAAGCCCTGG,-0.42618823051452637,[[6.7165515e-16 1.0000000e+00]]
ACTGTACTTGTTCCCCGGGCCGG,0.3717999756336212,[[6.7520555e-23 1.0000000e+00]]
CGGAATTCCACCTTCCGGGGAGG,0.28405243158340454,[[3.074381e-31 1.000000e+00]]
TGGATGAATGGGGTGCGCAAAGG,0.6198760867118835,[[5.300261e-13 1.000000e+00]]
GCTAGGCTCCCTGGGGGGACTGG,-1.2958320379257202,[[1.1248799e-14 1.0000000e+00]]
CGGTGTTAGTGAGGTTGCGGTGG,0.7159079313278198,[[6.38299e-17 1.00000e+00]]
TCAGTCCCGCTCCAGGCAAGGGG,0.5406590104103088,[[7.141167e-14 1.000000e+00]]
TCAGTAGGAACGCTGGGCCAAGG,0.16470910608768463,[[9.496116e-05 9.999050e-01]]
CAATTTTTGCGTCTTAGCCGAGG,-2.0907366275787354,[[4.9081837e-23 1.0000000e+00]]
CAAAGCTTGGTGAAGACGGGCGG,0.3017178177833557,[[5.9293513e-15 1.0000000e+00]]
AAAACCAAATTCGGGGAAGGCGG,-1.901292324066162,[[0.9906217  0.00937833]]
CGCCCCCGGCTCATAAAAGAGGG,0.0568554662168026,[[8.1781094e-05 9.9991822e-01]]
CCAGGTTGGGCGTTGAAGGAGGG,0.8162904381752014,[[4.1147045e-28 1.0000000e+00]]
ATGGGAAATCAATTCGGGACTGG,-0.2401188164949417,[[4.0185346e-06 9.9999595e-01]]
CCACCCCATGGTTCCCACAATGG,-0.7008904814720154,[[8.884671e-20 1.000000e+00]]
CTTTCACCCAAGTGAACAAGAGG,-1.500902533531189,[[9.9995410e-01 4.5907673e-05]]
GGAAACCAAAAATTGGGCGGTGG,0.3029515743255615,[[2.6584791e-12 1.0000000e+00]]
CACGGTTCTTCCTTGGGGGCTGG,-1.4520286321640015,[[1.5657023e-21 1.0000000e+00]]
